1.871560875303834815e-03
1.795488935809978802e-03
1.717560652105939046e-03
1.645006047380073678e-03
1.570749626699494356e-03
1.494722966824379431e-03
1.425367107353461924e-03
1.354444550958794433e-03
1.281894874522091247e-03
1.207654109511091447e-03
1.141220606450633716e-03
1.073339333343040214e-03
1.003956618315168890e-03
9.330157722736836254e-04
8.604568496962467427e-04
7.967042653180009346e-04
7.316092081951040956e-04
6.651237499229428578e-04
5.971973752569533812e-04
5.277767856954744844e-04
4.568056831729330075e-04
3.955217934511238921e-04
3.329891629962988104e-04
2.691647853319673847e-04
2.040034210971800120e-04
1.374574354083957348e-04
6.947661938921299808e-05
7.993794363516410900e-09
7.896887955534085812e-09
7.803443911279118532e-09
7.702478834754973324e-09
7.598251185596254640e-09
7.490608336136518216e-09
7.400080014450612811e-09
7.302554913232164744e-09
