1.400000000000000000e+01
3.200000000000000000e+01
8.500000000000000000e+01
1.580000000000000000e+02
2.400000000000000000e+02
3.410000000000000000e+02
5.090000000000000000e+02
6.820000000000000000e+02
8.920000000000000000e+02
1.167000000000000000e+03
1.474000000000000000e+03
1.755000000000000000e+03
2.045000000000000000e+03
2.234000000000000000e+03
2.567000000000000000e+03
3.114000000000000000e+03
3.323000000000000000e+03
3.809000000000000000e+03
4.311000000000000000e+03
4.917000000000000000e+03
5.422000000000000000e+03
6.229000000000000000e+03
7.025000000000000000e+03
8.117000000000000000e+03
8.914000000000000000e+03
1.039900000000000000e+04
1.168900000000000000e+04
1.340400000000000000e+04
1.463200000000000000e+04
1.728200000000000000e+04
1.809100000000000000e+04
1.974500000000000000e+04
2.103100000000000000e+04
2.476200000000000000e+04
2.788300000000000000e+04
