1.400000000000000000e+01
3.200000000000000000e+01
8.500000000000000000e+01
1.580000000000000000e+02
2.630000000000000000e+02
3.530000000000000000e+02
5.170000000000000000e+02
7.300000000000000000e+02
8.740000000000000000e+02
1.094000000000000000e+03
1.232000000000000000e+03
1.709000000000000000e+03
1.947000000000000000e+03
2.490000000000000000e+03
3.015000000000000000e+03
3.299000000000000000e+03
3.891000000000000000e+03
4.424000000000000000e+03
4.722000000000000000e+03
4.986000000000000000e+03
5.720000000000000000e+03
6.537000000000000000e+03
7.318000000000000000e+03
8.192000000000000000e+03
8.739000000000000000e+03
1.001100000000000000e+04
1.105100000000000000e+04
1.242600000000000000e+04
1.369000000000000000e+04
1.465200000000000000e+04
1.556300000000000000e+04
1.723000000000000000e+04
1.840500000000000000e+04
2.026800000000000000e+04
2.178000000000000000e+04
