1.871560875303834815e-03
1.795488935809978802e-03
1.717560652105939046e-03
1.645006047380073678e-03
1.570749626699721605e-03
1.494722966823924717e-03
1.425367107354484760e-03
1.354444550959021899e-03
1.281894874522204872e-03
1.207654109512455156e-03
1.141220606450633716e-03
1.073339333343949426e-03
1.003956618314600551e-03
9.330157722730017707e-04
8.604568496965877243e-04
7.967042653174327043e-04
7.316092081927175498e-04
6.651237499303299609e-04
5.971973752563851509e-04
5.277767856950198785e-04
4.568056831771379230e-04
3.955217934510102135e-04
3.329891629932303014e-04
2.691647853421955854e-04
2.040034210938842542e-04
1.374574354055545559e-04
6.947661938750829345e-05
7.993802773380383564e-09
7.914156588382896029e-09
7.829602111288616722e-09
7.742361705476016982e-09
7.652310245806786652e-09
7.559300673308191845e-09
7.469413774220501098e-09
7.376678090535106218e-09
