6.957488491197989511e-01
5.244254710554240306e-01
3.508506054821475262e-01
1.769819869186382844e-01
3.075860341868554004e-03
2.319166095649780740e-03
1.543346350097304790e-03
7.882403410588758588e-04
7.882383304978405995e-04
7.882378381097891523e-04
7.826323070013229202e-04
7.826318179606500539e-04
7.826313887252853542e-04
7.826192145760607188e-04
7.820401499000761980e-04
7.810592351362694681e-04
7.807211319926059268e-04
7.807210370650670070e-04
7.806910714507398798e-04
7.806847922296787992e-04
7.803995128400227068e-04
7.790253547293904228e-04
7.634320431893822784e-04
7.603129360395209256e-04
7.602153529835850273e-04
7.601170073227201621e-04
7.595500243135505257e-04
7.558532688563890985e-04
7.543949214186954945e-04
7.536550984557012674e-04
7.535878855838564708e-04
