1.800000000000000000e+01
7.300000000000000000e+01
1.480000000000000000e+02
2.250000000000000000e+02
3.570000000000000000e+02
5.630000000000000000e+02
7.320000000000000000e+02
9.480000000000000000e+02
1.252000000000000000e+03
1.591000000000000000e+03
1.918000000000000000e+03
2.334000000000000000e+03
2.631000000000000000e+03
3.340000000000000000e+03
3.927000000000000000e+03
4.603000000000000000e+03
5.575000000000000000e+03
6.276000000000000000e+03
7.673000000000000000e+03
9.064000000000000000e+03
1.151100000000000000e+04
1.396800000000000000e+04
1.652800000000000000e+04
1.917800000000000000e+04
2.193600000000000000e+04
2.478900000000000000e+04
2.774900000000000000e+04
3.080400000000000000e+04
3.396100000000000000e+04
3.721800000000000000e+04
4.057800000000000000e+04
