6.957488491197989511e-01
5.244254710554240306e-01
3.508506054821475262e-01
1.769819869186382844e-01
3.075860341868554004e-03
2.315541970671486718e-03
1.545298611866403752e-03
7.751288269401006336e-04
1.989674254877857594e-05
1.989674254913163960e-05
1.334870084627002276e-05
6.701845866717502214e-06
1.425974518710760150e-07
1.425961808487387191e-07
1.425961801426152083e-07
7.178309198243284555e-08
5.000235592308969724e-09
3.974734345009375889e-09
9.164655369096278218e-10
9.164627124155449561e-10
9.154815537835067555e-10
3.998300864451591003e-10
2.739289688245961157e-10
2.707826589471552930e-10
2.705113309843192963e-10
2.704193583957457322e-10
2.704190053339853352e-10
2.704175930869439024e-10
2.704175930869439024e-10
2.702239387113869173e-10
2.702205846246634820e-10
