1.800000000000000000e+01
7.300000000000000000e+01
1.480000000000000000e+02
2.250000000000000000e+02
3.570000000000000000e+02
4.820000000000000000e+02
6.780000000000000000e+02
9.210000000000000000e+02
1.119000000000000000e+03
1.202000000000000000e+03
1.549000000000000000e+03
2.376000000000000000e+03
3.711000000000000000e+03
4.346000000000000000e+03
4.511000000000000000e+03
5.388000000000000000e+03
7.358000000000000000e+03
9.443000000000000000e+03
1.158500000000000000e+04
1.217600000000000000e+04
1.463900000000000000e+04
1.714100000000000000e+04
1.973500000000000000e+04
2.249900000000000000e+04
2.512300000000000000e+04
2.697000000000000000e+04
2.711200000000000000e+04
2.721900000000000000e+04
2.726100000000000000e+04
3.077700000000000000e+04
3.180200000000000000e+04
