4.700000000000000000e+01
9.400000000000000000e+01
2.100000000000000000e+02
3.300000000000000000e+02
5.160000000000000000e+02
7.320000000000000000e+02
1.030000000000000000e+03
1.246000000000000000e+03
1.483000000000000000e+03
1.736000000000000000e+03
2.214000000000000000e+03
2.873000000000000000e+03
3.503000000000000000e+03
4.271000000000000000e+03
5.482000000000000000e+03
7.194000000000000000e+03
8.186000000000000000e+03
9.908000000000000000e+03
1.129800000000000000e+04
1.362000000000000000e+04
1.596700000000000000e+04
1.834800000000000000e+04
2.095900000000000000e+04
2.361400000000000000e+04
2.639100000000000000e+04
2.924700000000000000e+04
3.220500000000000000e+04
3.526200000000000000e+04
3.842900000000000000e+04
4.170100000000000000e+04
4.507000000000000000e+04
