7.076774198597536314e-01
5.328768328021290523e-01
3.562147886560197430e-01
1.793387509832276294e-01
3.069165084026237791e-03
2.424126008418837647e-03
1.821917482470272655e-03
1.208258332575587110e-03
6.290831478289792087e-04
6.207046542351579363e-04
6.206931345033403925e-04
6.206922846495285025e-04
6.206922821226978698e-04
6.206864489446835796e-04
6.206837777350972642e-04
6.206833898172572700e-04
6.179748346975159424e-04
6.095082991186185793e-04
6.095045137874183965e-04
6.090274789542393825e-04
6.070552971758429693e-04
6.070268905529717374e-04
6.070093809980232121e-04
6.048380739380885196e-04
6.047425092252903169e-04
6.046547405470684795e-04
6.037093855890172207e-04
6.028066159859447621e-04
5.939951172304904457e-04
2.820710038008945663e-05
5.142601196969941877e-06
