7.076774198597536314e-01
5.328768328021290523e-01
3.562147886560197430e-01
1.793387509832276294e-01
3.069165084026237791e-03
2.424126008418837647e-03
1.819467974112358227e-03
1.209052297106927342e-03
5.989859523054036003e-04
1.251021212741437586e-05
1.251021212757149709e-05
1.251021212741437586e-05
8.381700977010095140e-06
4.203237775775642647e-06
7.065966002566533280e-08
7.065933556942359827e-08
7.065933525518026436e-08
7.065933462669359655e-08
3.513323647670410442e-08
3.637774157758181581e-09
1.536474552566980467e-09
1.979450181447017211e-11
1.979355908446995846e-11
1.979198786780293893e-11
1.978554587946815046e-11
1.978098935113378607e-11
1.976826249613091302e-11
1.976386308946325252e-11
1.976150626446272000e-11
1.976150626446272000e-11
1.975993504779570047e-11
