4.700000000000000000e+01
9.400000000000000000e+01
2.100000000000000000e+02
3.300000000000000000e+02
5.160000000000000000e+02
7.320000000000000000e+02
8.970000000000000000e+02
1.239000000000000000e+03
1.517000000000000000e+03
1.779000000000000000e+03
1.930000000000000000e+03
1.972000000000000000e+03
2.353000000000000000e+03
3.570000000000000000e+03
5.386000000000000000e+03
6.250000000000000000e+03
6.301000000000000000e+03
6.761000000000000000e+03
7.559000000000000000e+03
9.859000000000000000e+03
1.224200000000000000e+04
1.432800000000000000e+04
1.439200000000000000e+04
1.490400000000000000e+04
1.569800000000000000e+04
1.651300000000000000e+04
1.811600000000000000e+04
1.914300000000000000e+04
2.001100000000000000e+04
2.029100000000000000e+04
2.154400000000000000e+04
