7.076774198597536314e-01
5.328768328021290523e-01
3.562147886560197430e-01
1.793387509832276294e-01
3.069165084026237791e-03
2.424126008418837647e-03
1.819467974137497623e-03
1.682148441272000557e-03
1.677720383044502966e-03
1.206019509935595934e-03
1.052220061046710417e-03
9.564708597199580477e-04
6.183933114892242386e-04
6.166906404391023916e-04
6.164442131988541419e-04
6.164417488957201928e-04
6.164417455323738075e-04
6.156794202513605650e-04
6.152640969262268339e-04
4.928322652938677256e-04
4.928318310686586592e-04
4.927397856858922818e-04
4.923659743001051461e-04
4.908667359278983322e-04
4.905174257994280446e-04
3.655876716273316187e-06
2.932655830103585318e-06
8.398690337629701173e-07
6.289197082629782620e-07
4.425678217938146170e-07
1.338048113635503360e-11
