4.700000000000000000e+01
9.400000000000000000e+01
2.100000000000000000e+02
3.300000000000000000e+02
5.160000000000000000e+02
7.320000000000000000e+02
9.500000000000000000e+02
1.258000000000000000e+03
1.434000000000000000e+03
1.976000000000000000e+03
2.363000000000000000e+03
2.736000000000000000e+03
3.506000000000000000e+03
4.628000000000000000e+03
5.743000000000000000e+03
6.931000000000000000e+03
7.748000000000000000e+03
8.812000000000000000e+03
1.086300000000000000e+04
1.212900000000000000e+04
1.329300000000000000e+04
1.557800000000000000e+04
1.743400000000000000e+04
1.981900000000000000e+04
2.242400000000000000e+04
2.532000000000000000e+04
2.828000000000000000e+04
3.134300000000000000e+04
3.450600000000000000e+04
3.784100000000000000e+04
4.085300000000000000e+04
