1.300000000000000000e+01
3.900000000000000000e+01
8.200000000000000000e+01
1.350000000000000000e+02
2.020000000000000000e+02
2.370000000000000000e+02
2.780000000000000000e+02
3.230000000000000000e+02
3.720000000000000000e+02
4.250000000000000000e+02
4.820000000000000000e+02
5.430000000000000000e+02
6.080000000000000000e+02
6.770000000000000000e+02
7.340000000000000000e+02
7.550000000000000000e+02
7.800000000000000000e+02
8.070000000000000000e+02
8.300000000000000000e+02
8.630000000000000000e+02
8.970000000000000000e+02
9.290000000000000000e+02
9.650000000000000000e+02
1.002000000000000000e+03
1.040000000000000000e+03
1.073000000000000000e+03
1.113000000000000000e+03
1.148000000000000000e+03
1.186000000000000000e+03
1.229000000000000000e+03
