3.737741616637541096e-03
2.804622999861768138e-03
1.871500718369283663e-03
9.383784265698815429e-04
5.256134741601128360e-06
3.947645300768804914e-06
2.629987210434990592e-06
1.317764295905322451e-06
1.106571141362917399e-08
1.106454729211252161e-08
9.240888096403563183e-09
9.234994261584026190e-09
8.586065544138805113e-09
1.736783993852964139e-09
1.855912625508476364e-10
1.836720312034328581e-10
1.096146898034267084e-10
9.875053790468755357e-11
9.836347965582692583e-11
7.924026793985028426e-11
7.918855212509959477e-11
7.918030116890004871e-11
7.917308158222544429e-11
7.917337625923258155e-11
7.917263956671476425e-11
7.915775837785487537e-11
7.914597129756981142e-11
7.914361388151280380e-11
7.803886978179562531e-11
7.553632529877396325e-11
