4.500000000000000000e+01
8.700000000000000000e+01
1.810000000000000000e+02
2.850000000000000000e+02
4.410000000000000000e+02
7.220000000000000000e+02
9.580000000000000000e+02
1.173000000000000000e+03
1.604000000000000000e+03
1.811000000000000000e+03
2.773000000000000000e+03
4.277000000000000000e+03
5.842000000000000000e+03
7.491000000000000000e+03
9.259000000000000000e+03
1.092600000000000000e+04
1.294000000000000000e+04
1.504600000000000000e+04
1.651500000000000000e+04
1.870500000000000000e+04
1.943900000000000000e+04
2.068700000000000000e+04
2.172300000000000000e+04
2.200800000000000000e+04
2.235800000000000000e+04
2.360800000000000000e+04
2.476100000000000000e+04
2.500900000000000000e+04
2.755300000000000000e+04
3.031800000000000000e+04
