3.737741616637541096e-03
2.804622999861768138e-03
1.871500718369725584e-03
9.383784265695868567e-04
5.256134751030792102e-06
3.953134494404481399e-06
2.640996046239474480e-06
1.328808876030770481e-06
2.212607547094852848e-08
2.212606795668484694e-08
1.482771912759024235e-08
1.293401491261031219e-08
9.157546513878526689e-09
8.353848864796865395e-09
8.353845181334275921e-09
8.353838403763112281e-09
1.258540449891600170e-10
1.252075236355245171e-10
1.251493249266170276e-10
1.251474095260707129e-10
1.251451994485172610e-10
1.251449047715101496e-10
1.251440207404887637e-10
1.251407792934103572e-10
1.251404846164032458e-10
1.251413686474246317e-10
1.251409266319139258e-10
1.251407792934103572e-10
1.251413686474246317e-10
1.251398952623889971e-10
