4.669555382890958235e-03
4.669555382890958235e-03
4.669555382890958235e-03
4.669555382890958235e-03
4.669555382890958235e-03
4.669555382890958235e-03
4.669555382890958235e-03
4.669555382890958235e-03
4.669555382890958235e-03
4.669555382890958235e-03
4.669555382890958235e-03
4.669555382890958235e-03
4.669555382890958235e-03
4.669555382890958235e-03
4.669555382890958235e-03
4.669555382890958235e-03
4.669555382890958235e-03
4.669555382890958235e-03
4.669555382890958235e-03
4.669555382890958235e-03
4.669555382890958235e-03
4.669555382890958235e-03
4.669555382890958235e-03
4.669555382890958235e-03
4.669555382890958235e-03
4.669555382890958235e-03
3.732455241501872294e-03
2.797971669688088196e-03
1.863529297401595158e-03
9.291182436815070920e-04
