3.737741616637541096e-03
2.804622999861768138e-03
1.871500718369725584e-03
9.383784265695868567e-04
5.256134751030792102e-06
3.982276121748279136e-06
2.692307840543427221e-06
1.402209663651095065e-06
8.825971569506252706e-08
5.962750327105579079e-08
3.065110662934027355e-08
1.439888216201322973e-09
1.016927257484915697e-09
5.826944612304096503e-10
5.745061238948825860e-10
5.745046505098468997e-10
5.745045031713433828e-10
5.745043558328397624e-10
5.745031771248113168e-10
5.745028824478041795e-10
5.745031771248113168e-10
5.745030297863076965e-10
5.745031771248113168e-10
5.745028824478041795e-10
5.745033244633148337e-10
5.745028824478041795e-10
5.745030297863076965e-10
5.745028824478041795e-10
5.745025877707970423e-10
5.745028824478041795e-10
