3.737741616637541096e-03
2.804622999861768138e-03
1.871500718369725584e-03
9.383784265695868567e-04
5.256134751030792102e-06
3.982276121748279136e-06
2.692307840543427221e-06
1.402209663651095065e-06
8.825971569506252706e-08
5.962750327105579079e-08
3.065110662934027355e-08
1.439888216201322973e-09
1.016927257484915697e-09
5.826944612304096503e-10
3.966130034782071186e-10
2.075109590644545923e-10
1.792947516010725415e-11
9.732444852869894301e-12
7.901616607593060071e-12
5.005236304546865284e-12
3.126523045611977329e-12
1.510219661523221833e-13
1.399715783850790955e-13
1.191968493826621045e-13
8.427762403817394502e-14
7.057514320679251310e-14
2.313214505942886185e-14
1.326046532069170475e-15
1.473385035632411617e-15
1.768062042758893900e-15
