1.300000000000000000e+01
3.900000000000000000e+01
8.200000000000000000e+01
1.350000000000000000e+02
2.020000000000000000e+02
2.370000000000000000e+02
2.780000000000000000e+02
3.230000000000000000e+02
3.720000000000000000e+02
4.250000000000000000e+02
4.820000000000000000e+02
5.430000000000000000e+02
6.080000000000000000e+02
6.770000000000000000e+02
7.680000000000000000e+02
8.830000000000000000e+02
1.005000000000000000e+03
1.069000000000000000e+03
1.180000000000000000e+03
1.320000000000000000e+03
1.465000000000000000e+03
1.591000000000000000e+03
1.619000000000000000e+03
1.675000000000000000e+03
1.732000000000000000e+03
1.763000000000000000e+03
1.833000000000000000e+03
1.898000000000000000e+03
1.940000000000000000e+03
1.983000000000000000e+03
