1.300000000000000000e+01
3.900000000000000000e+01
8.200000000000000000e+01
1.350000000000000000e+02
2.020000000000000000e+02
2.900000000000000000e+02
4.250000000000000000e+02
6.220000000000000000e+02
8.650000000000000000e+02
8.790000000000000000e+02
1.350000000000000000e+03
2.801000000000000000e+03
3.811000000000000000e+03
4.342000000000000000e+03
4.362000000000000000e+03
4.382000000000000000e+03
5.395000000000000000e+03
5.564000000000000000e+03
5.610000000000000000e+03
5.635000000000000000e+03
5.661000000000000000e+03
5.689000000000000000e+03
5.717000000000000000e+03
5.746000000000000000e+03
5.780000000000000000e+03
5.819000000000000000e+03
5.852000000000000000e+03
5.893000000000000000e+03
5.935000000000000000e+03
5.970000000000000000e+03
