3.737741616637541096e-03
2.804622999861768138e-03
1.871500718369725584e-03
9.383784265695868567e-04
5.256134751030792102e-06
3.953134492931096386e-06
2.641016745825840043e-06
1.328850458787277272e-06
2.218843575588915108e-08
1.489031294405901446e-08
7.510704425494720894e-09
1.919331537597202410e-10
1.279985569085229859e-10
6.388214434392872245e-11
4.304906929410067556e-11
2.200058535206316798e-11
1.177676658980986648e-12
4.788501365805337211e-13
3.852901868178756096e-13
2.808271877915376642e-13
1.701759716155435321e-13
5.333653828989329535e-14
2.504754560575099610e-14
9.282325724484193322e-15
2.062739049885375987e-15
1.915400546322135042e-15
8.840310213794469502e-16
1.326046532069170475e-15
1.031369524942687994e-15
8.840310213794469502e-16
