1.300000000000000000e+01
3.900000000000000000e+01
8.200000000000000000e+01
1.350000000000000000e+02
2.020000000000000000e+02
2.300000000000000000e+02
2.710000000000000000e+02
3.160000000000000000e+02
3.650000000000000000e+02
4.190000000000000000e+02
4.760000000000000000e+02
5.370000000000000000e+02
5.860000000000000000e+02
6.390000000000000000e+02
7.330000000000000000e+02
8.290000000000000000e+02
9.300000000000000000e+02
9.730000000000000000e+02
1.018000000000000000e+03
1.065000000000000000e+03
1.114000000000000000e+03
1.165000000000000000e+03
1.218000000000000000e+03
1.246000000000000000e+03
1.276000000000000000e+03
1.314000000000000000e+03
1.346000000000000000e+03
1.387000000000000000e+03
1.424000000000000000e+03
1.467000000000000000e+03
