4.669555382890958235e-03
4.669555382890958235e-03
4.669555382890958235e-03
4.669555382890958235e-03
4.669555382890958235e-03
4.669555382890958235e-03
3.737741616637835565e-03
3.735120895649910767e-03
2.798055665642162296e-03
2.798055665639657789e-03
1.874072442970838893e-03
1.874065325406648304e-03
1.874065325400754798e-03
9.513432024937731619e-04
9.513431924068318970e-04
9.513112027038187228e-04
2.468908958917034161e-05
2.343764163220218264e-05
2.343763077865865485e-05
2.343761949076121924e-05
2.335002166132095917e-05
2.335002156731899435e-05
2.334982142755792403e-05
2.334982069086540755e-05
2.334982067672090940e-05
1.176082116285698348e-05
1.164552779797682007e-05
1.164530777355864729e-05
1.677047218306787070e-09
4.175573190982254250e-13
