3.000000000000000000e+00
7.000000000000000000e+00
1.200000000000000000e+01
1.800000000000000000e+01
2.500000000000000000e+01
4.400000000000000000e+01
1.050000000000000000e+02
2.340000000000000000e+02
3.660000000000000000e+02
3.800000000000000000e+02
5.350000000000000000e+02
5.970000000000000000e+02
6.140000000000000000e+02
7.860000000000000000e+02
8.230000000000000000e+02
1.068000000000000000e+03
1.332000000000000000e+03
1.564000000000000000e+03
1.697000000000000000e+03
1.836000000000000000e+03
2.029000000000000000e+03
2.080000000000000000e+03
2.186000000000000000e+03
2.322000000000000000e+03
2.352000000000000000e+03
2.614000000000000000e+03
2.887000000000000000e+03
3.198000000000000000e+03
3.648000000000000000e+03
4.013000000000000000e+03
