2.910705676198787478e-03
2.500961351263561970e-03
2.087890336626339882e-03
1.674834140590993536e-03
1.261777869494942793e-03
1.261777869494942793e-03
8.487215987624211356e-04
8.405827069061366915e-04
8.382510249552398412e-04
8.359411252300212158e-04
8.359411000810396857e-04
8.336311716337842671e-04
4.617543903168076705e-06
4.452418856121952132e-06
2.117548663135228042e-06
2.096286210949718224e-06
2.093852773669090462e-06
3.332781256262671818e-08
2.828476579344764722e-08
1.982910033652164097e-08
1.736955621588686080e-08
7.438909749652037202e-10
7.033344095884832180e-10
6.963254521693402075e-10
6.899354526740313105e-10
6.825558873772148614e-10
6.571952773190252578e-10
6.521927346136692054e-10
4.334460434505150124e-11
4.327647030625917174e-11
