1.600000000000000000e+01
5.300000000000000000e+01
1.450000000000000000e+02
2.410000000000000000e+02
3.600000000000000000e+02
3.790000000000000000e+02
6.120000000000000000e+02
7.590000000000000000e+02
9.310000000000000000e+02
1.140000000000000000e+03
1.369000000000000000e+03
1.485000000000000000e+03
1.842000000000000000e+03
2.154000000000000000e+03
2.525000000000000000e+03
2.819000000000000000e+03
3.116000000000000000e+03
3.601000000000000000e+03
3.908000000000000000e+03
4.164000000000000000e+03
4.704000000000000000e+03
5.176000000000000000e+03
6.308000000000000000e+03
7.114000000000000000e+03
7.614000000000000000e+03
7.980000000000000000e+03
8.430000000000000000e+03
9.480000000000000000e+03
9.887000000000000000e+03
9.996000000000000000e+03
