7.476464047264049784e-01
5.996568948390252896e-01
4.503665300370169322e-01
3.009424277574359596e-01
1.515047792394455251e-01
2.065761786513077916e-03
1.656131213023720114e-03
1.243112136333955403e-03
8.300569322670939493e-04
4.170538747185185036e-04
9.191371164183474750e-06
9.191371164625903776e-06
6.917238185838813710e-06
4.620818057709038198e-06
2.324464141412293483e-06
4.771728163383936345e-08
4.771598944672270316e-08
4.771598944672270316e-08
3.196500053289595108e-08
2.424402751326936246e-08
1.631017868548889048e-08
1.613154288640109448e-08
1.570577976694392160e-08
1.165239642856612462e-08
6.156054194254253487e-09
1.146956463451789423e-09
5.448683506510559647e-10
5.296455546505765503e-10
5.296293322603878358e-10
5.296212210652935819e-10
