3.700000000000000000e+01
7.900000000000000000e+01
1.290000000000000000e+02
2.270000000000000000e+02
3.270000000000000000e+02
5.550000000000000000e+02
7.970000000000000000e+02
9.190000000000000000e+02
1.089000000000000000e+03
1.324000000000000000e+03
1.624000000000000000e+03
1.768000000000000000e+03
2.157000000000000000e+03
3.197000000000000000e+03
4.983000000000000000e+03
6.840000000000000000e+03
7.280000000000000000e+03
7.502000000000000000e+03
8.757000000000000000e+03
1.106600000000000000e+04
1.307300000000000000e+04
1.452700000000000000e+04
1.712100000000000000e+04
1.980700000000000000e+04
2.257600000000000000e+04
2.546200000000000000e+04
2.852800000000000000e+04
3.165100000000000000e+04
3.225900000000000000e+04
3.358700000000000000e+04
