2.910705676198787478e-03
2.500961351263561970e-03
2.087890336626339882e-03
1.674834140590993536e-03
1.261777869494942793e-03
1.261777869494942793e-03
8.487215987624211356e-04
8.405823269192104355e-04
8.383085199274369981e-04
8.360121536484991069e-04
8.360121475075871092e-04
8.337156979654618575e-04
4.698434285166694759e-06
4.540177874666631187e-06
2.221333055216526573e-06
2.145574799933662824e-06
2.129817734259947723e-06
7.213153953593465554e-08
5.062202477214004368e-08
2.237244254096236165e-08
1.991304899360378631e-08
1.320827304112357620e-09
9.666195255382991277e-10
9.020735845031532553e-10
8.955928870990623478e-10
8.302194566880209674e-10
8.048743316386478828e-10
7.998419987258544293e-10
1.879652956852903699e-10
1.878872807361104217e-10
