1.600000000000000000e+01
5.300000000000000000e+01
1.450000000000000000e+02
2.410000000000000000e+02
3.600000000000000000e+02
3.790000000000000000e+02
6.120000000000000000e+02
7.870000000000000000e+02
1.038000000000000000e+03
1.288000000000000000e+03
1.481000000000000000e+03
1.779000000000000000e+03
2.037000000000000000e+03
2.315000000000000000e+03
2.519000000000000000e+03
3.026000000000000000e+03
3.393000000000000000e+03
3.814000000000000000e+03
4.445000000000000000e+03
4.927000000000000000e+03
5.469000000000000000e+03
5.913000000000000000e+03
6.421000000000000000e+03
7.371000000000000000e+03
7.868000000000000000e+03
9.319000000000000000e+03
9.604000000000000000e+03
1.029400000000000000e+04
1.142600000000000000e+04
1.205400000000000000e+04
