4.203984240679817241e-03
3.504309193816769648e-03
2.804631399059948852e-03
2.104953596585577499e-03
1.405275794067235460e-03
7.055979915603831452e-04
5.920189064799727654e-06
4.965026288677101586e-06
3.997769369938564417e-06
3.030464718077272865e-06
2.063160224862383009e-06
1.095813502317520903e-06
1.105818609887027535e-07
8.911273508726864339e-08
6.738828503702679708e-08
4.566062206571856626e-08
2.393020288937752859e-08
2.026921444882085395e-09
1.709861971208875057e-09
1.388047082695507405e-09
1.066218936822674671e-09
7.405691361280147563e-10
6.010389630529307466e-10
4.592373623894803416e-10
3.174107936990372863e-10
1.755884231724248540e-10
3.344014255896024939e-11
2.732894175749785817e-11
2.113974349118203631e-11
1.490966836651526281e-11
