6.300000000000000000e+01
2.230000000000000000e+02
6.050000000000000000e+02
9.950000000000000000e+02
1.458000000000000000e+03
1.982000000000000000e+03
2.658000000000000000e+03
3.374000000000000000e+03
4.167000000000000000e+03
4.956000000000000000e+03
5.783000000000000000e+03
6.834000000000000000e+03
7.793000000000000000e+03
9.361000000000000000e+03
1.100900000000000000e+04
1.270800000000000000e+04
1.454300000000000000e+04
1.635800000000000000e+04
1.789000000000000000e+04
1.939700000000000000e+04
2.097200000000000000e+04
2.263900000000000000e+04
2.443600000000000000e+04
2.626900000000000000e+04
2.822000000000000000e+04
3.017700000000000000e+04
3.225300000000000000e+04
3.363100000000000000e+04
3.508500000000000000e+04
3.657800000000000000e+04
