4.203984240679817241e-03
3.504309193816769648e-03
2.804631399059948852e-03
2.104953596585577499e-03
1.405275794067235460e-03
7.055979915603831452e-04
5.920189064799727654e-06
5.909258774502508294e-06
3.959294374800463569e-06
3.948294840209978496e-06
1.991450952746041071e-06
1.007540679947620607e-06
2.776071804644716979e-08
2.776066435414133692e-08
2.229127132660318367e-08
2.228118755803798420e-08
2.026419145627548941e-08
2.026412693712609374e-08
1.765652961237359244e-08
1.741942814606272153e-08
1.741936539456125374e-08
1.741929822393996129e-08
9.761949920436139496e-09
7.676514909994604041e-09
5.890210562197561721e-09
3.598729449992323216e-09
2.107233423742145555e-09
2.107138854577960656e-09
2.107053123653418868e-09
2.106959659269189720e-09
