6.300000000000000000e+01
2.230000000000000000e+02
6.050000000000000000e+02
9.950000000000000000e+02
1.458000000000000000e+03
1.982000000000000000e+03
2.658000000000000000e+03
3.426000000000000000e+03
5.190000000000000000e+03
6.025000000000000000e+03
1.186300000000000000e+04
1.745200000000000000e+04
2.421100000000000000e+04
2.456100000000000000e+04
3.909800000000000000e+04
4.127900000000000000e+04
5.861100000000000000e+04
5.911000000000000000e+04
7.815700000000000000e+04
8.316500000000000000e+04
8.365900000000000000e+04
8.422200000000000000e+04
1.077660000000000000e+05
1.319530000000000000e+05
1.488420000000000000e+05
1.751120000000000000e+05
2.014480000000000000e+05
2.021700000000000000e+05
2.029360000000000000e+05
2.037180000000000000e+05
