4.203984240679817241e-03
3.504309193816769648e-03
2.804631399059948852e-03
2.104953596585577499e-03
1.405275794067235460e-03
7.055979915603831452e-04
5.920189064799727654e-06
4.943167756344700784e-06
3.959309906018032992e-06
2.975404041512590534e-06
1.991497865017288892e-06
1.007603302631746193e-06
2.783631725497335192e-08
2.236400539879295093e-08
1.683026755613459401e-08
1.129603543492417632e-08
5.762059622663417572e-09
2.742154441336208863e-10
2.262693198038598696e-10
1.776371271217761815e-10
1.290022829677994614e-10
8.092203835144912899e-11
6.530067073764518302e-11
4.951270230656223520e-11
3.372429196349711110e-11
1.793720735637850941e-11
2.317386434512168341e-12
1.791511175726988945e-12
1.255250985360757751e-12
7.258404307181991133e-13
