6.300000000000000000e+01
2.230000000000000000e+02
6.050000000000000000e+02
9.950000000000000000e+02
1.458000000000000000e+03
1.982000000000000000e+03
2.658000000000000000e+03
3.421000000000000000e+03
4.320000000000000000e+03
5.194000000000000000e+03
6.262000000000000000e+03
7.226000000000000000e+03
8.533000000000000000e+03
9.593000000000000000e+03
1.085000000000000000e+04
1.212200000000000000e+04
1.346800000000000000e+04
1.478600000000000000e+04
1.581000000000000000e+04
1.742100000000000000e+04
1.854600000000000000e+04
2.030500000000000000e+04
2.155300000000000000e+04
2.282400000000000000e+04
2.412300000000000000e+04
2.554100000000000000e+04
2.690700000000000000e+04
2.828400000000000000e+04
2.981000000000000000e+04
3.131700000000000000e+04
