2.100000000000000000e+01
8.000000000000000000e+01
1.730000000000000000e+02
2.880000000000000000e+02
4.230000000000000000e+02
5.980000000000000000e+02
8.220000000000000000e+02
1.029000000000000000e+03
1.300000000000000000e+03
1.557000000000000000e+03
1.867000000000000000e+03
2.212000000000000000e+03
2.583000000000000000e+03
2.915000000000000000e+03
3.278000000000000000e+03
3.727000000000000000e+03
4.196000000000000000e+03
4.670000000000000000e+03
5.152000000000000000e+03
5.690000000000000000e+03
6.291000000000000000e+03
6.836000000000000000e+03
7.479000000000000000e+03
8.116000000000000000e+03
8.827000000000000000e+03
9.547000000000000000e+03
1.020200000000000000e+04
1.094700000000000000e+04
1.175900000000000000e+04
1.242600000000000000e+04
