7.094467577430705330e-01
5.945624716962613077e-01
4.772202857062615711e-01
3.594370740209568149e-01
2.415772406806496464e-01
1.237042223925300249e-01
5.865573319069592589e-03
4.890710037488532613e-03
3.909626445598118546e-03
2.940143051625281403e-03
1.972298548066591609e-03
1.037742384817146382e-03
1.037729189633107433e-03
1.034331428204959867e-03
1.009593048778247969e-03
1.009479428436411974e-03
1.009368744764774662e-03
1.005859715157170903e-03
1.005859471798114255e-03
1.000451789646640251e-03
1.000451768000466899e-03
1.000451731552641022e-03
1.000448609008145265e-03
1.000448388384756783e-03
1.000447438117215912e-03
1.000447436730220576e-03
1.000433748212703608e-03
1.000433657893676394e-03
5.010717793847021899e-05
2.159985080362036356e-05
