1.120000000000000000e+02
3.930000000000000000e+02
1.038000000000000000e+03
2.049000000000000000e+03
3.360000000000000000e+03
4.975000000000000000e+03
7.317000000000000000e+03
8.676000000000000000e+03
9.978000000000000000e+03
1.132000000000000000e+04
1.319400000000000000e+04
1.513000000000000000e+04
1.729600000000000000e+04
1.910600000000000000e+04
2.399900000000000000e+04
2.685600000000000000e+04
3.148200000000000000e+04
4.076300000000000000e+04
4.398800000000000000e+04
6.431800000000000000e+04
6.718100000000000000e+04
6.965500000000000000e+04
7.845400000000000000e+04
8.901300000000000000e+04
9.322700000000000000e+04
9.672100000000000000e+04
1.071980000000000000e+05
1.108370000000000000e+05
1.400200000000000000e+05
1.705630000000000000e+05
