1.120000000000000000e+02
3.930000000000000000e+02
1.038000000000000000e+03
2.049000000000000000e+03
3.360000000000000000e+03
4.975000000000000000e+03
7.317000000000000000e+03
8.944000000000000000e+03
1.021700000000000000e+04
1.150900000000000000e+04
1.301700000000000000e+04
1.486400000000000000e+04
1.702500000000000000e+04
1.805900000000000000e+04
2.049800000000000000e+04
3.678300000000000000e+04
5.389200000000000000e+04
7.237500000000000000e+04
9.139700000000000000e+04
1.061800000000000000e+05
1.066700000000000000e+05
1.259340000000000000e+05
1.284220000000000000e+05
1.530200000000000000e+05
1.781810000000000000e+05
2.049120000000000000e+05
2.321890000000000000e+05
2.608040000000000000e+05
2.901450000000000000e+05
3.207280000000000000e+05
