7.094467577430705330e-01
5.945624716962613077e-01
4.772202857062615711e-01
3.594370740209568149e-01
2.415772406806496464e-01
1.237042223925300249e-01
5.865573319069592589e-03
4.883031976327083766e-03
3.914660143728262293e-03
2.945617813492147109e-03
1.976586201156806284e-03
1.008531843406156557e-03
7.366967708836293191e-05
7.366955156729303482e-05
5.940365437498630635e-05
4.475800042970862403e-05
3.018763925448447481e-05
1.628877257172805821e-05
4.405428034768575718e-06
1.129222153441329071e-06
1.129222146070822329e-06
8.557255319950017566e-07
8.556675793756048400e-07
7.149161132648438368e-07
4.190626251793758377e-07
3.570912942702824552e-07
3.286039029487378715e-07
2.794934464765237193e-07
1.046810961042305808e-07
6.712086509828739631e-08
