1.120000000000000000e+02
3.930000000000000000e+02
1.038000000000000000e+03
2.049000000000000000e+03
3.360000000000000000e+03
4.975000000000000000e+03
7.317000000000000000e+03
1.060500000000000000e+04
1.328400000000000000e+04
1.927300000000000000e+04
3.046500000000000000e+04
4.271500000000000000e+04
5.611300000000000000e+04
6.303400000000000000e+04
7.815500000000000000e+04
9.439200000000000000e+04
1.115870000000000000e+05
1.147210000000000000e+05
1.296250000000000000e+05
1.380560000000000000e+05
1.596930000000000000e+05
1.817750000000000000e+05
2.047890000000000000e+05
2.295330000000000000e+05
2.552970000000000000e+05
2.818330000000000000e+05
3.093370000000000000e+05
3.380900000000000000e+05
3.678510000000000000e+05
3.983690000000000000e+05
