7.094467577430705330e-01
5.945624716962613077e-01
4.772202857062615711e-01
3.594370740209568149e-01
2.415772406806496464e-01
1.237042223925300249e-01
5.865573319069592589e-03
4.883031976327251167e-03
4.588353579144868223e-03
3.902255996411761567e-03
3.804864015709265735e-03
2.922681762193578107e-03
2.661635944256559097e-03
2.661546937356812272e-03
2.660764854483979158e-03
1.979802816894827514e-03
1.973666646259194385e-03
1.973664877673771741e-03
1.973621206755467403e-03
1.973613661566375396e-03
1.513403465557136866e-03
1.411400239967710571e-03
1.411397382509185132e-03
1.411392271227925998e-03
1.411378608230788676e-03
1.411340302961489306e-03
1.004040474162896110e-03
1.003979647831163610e-03
1.003956985460035265e-03
9.909085632370010725e-04
