2.100000000000000000e+01
8.000000000000000000e+01
1.710000000000000000e+02
2.860000000000000000e+02
4.230000000000000000e+02
6.110000000000000000e+02
8.300000000000000000e+02
1.031000000000000000e+03
1.260000000000000000e+03
1.492000000000000000e+03
1.727000000000000000e+03
1.989000000000000000e+03
2.254000000000000000e+03
2.605000000000000000e+03
5.603000000000000000e+03
6.017000000000000000e+03
6.418000000000000000e+03
6.806000000000000000e+03
7.200000000000000000e+03
7.643000000000000000e+03
8.132000000000000000e+03
8.641000000000000000e+03
9.152000000000000000e+03
9.729000000000000000e+03
1.029600000000000000e+04
1.087100000000000000e+04
1.145800000000000000e+04
1.210100000000000000e+04
1.277800000000000000e+04
1.345100000000000000e+04
