8.113987987688369152e-01
8.113987987688369152e-01
8.113987987688369152e-01
8.113987987688369152e-01
8.113987987688369152e-01
8.113987987688369152e-01
8.113987987688369152e-01
8.113987987688369152e-01
8.113987987688369152e-01
8.113987987688369152e-01
8.113987987688366932e-01
8.113987987688363601e-01
8.113987987688352499e-01
8.113987987688278114e-01
7.799652652303096234e-01
7.799652652303096234e-01
7.799652652303095124e-01
7.799652652303095124e-01
7.799652652303095124e-01
7.799652652303095124e-01
7.799652652303095124e-01
7.799652652303095124e-01
7.799652652303095124e-01
7.799652652303095124e-01
7.799652652303095124e-01
7.799652652303095124e-01
7.799652652303095124e-01
7.799652652303095124e-01
7.799652652303095124e-01
7.799652652303095124e-01
