6.147358344281479313e-04
5.692284210379411303e-04
5.229748215971640520e-04
4.789072702274650120e-04
4.341356032972151801e-04
3.886414082538652923e-04
3.459238768019378459e-04
3.025406892992971251e-04
2.584749002881998035e-04
2.137089323764554828e-04
1.722598431426381642e-04
1.301803593280248040e-04
8.745484479923850535e-05
4.406709622751120583e-05
3.148869204113317576e-10
2.950733398873508066e-10
2.757321381101547315e-10
2.552981467735175182e-10
2.343816972709761097e-10
2.129698518406759741e-10
1.940441628337409769e-10
1.740854085866239296e-10
1.536553286663613536e-10
1.327262422801480101e-10
1.116342303580213005e-10
9.004215889630450182e-11
6.793829364587365050e-11
4.582750819724150235e-11
2.319108856349269173e-11
9.327223662631014671e-15
