4.000000000000000000e+01
8.500000000000000000e+01
1.790000000000000000e+02
2.360000000000000000e+02
2.940000000000000000e+02
4.320000000000000000e+02
5.220000000000000000e+02
6.500000000000000000e+02
7.970000000000000000e+02
1.008000000000000000e+03
1.172000000000000000e+03
1.415000000000000000e+03
1.568000000000000000e+03
1.770000000000000000e+03
2.046000000000000000e+03
2.656000000000000000e+03
3.041000000000000000e+03
3.605000000000000000e+03
4.005000000000000000e+03
4.582000000000000000e+03
5.138000000000000000e+03
5.768000000000000000e+03
6.068000000000000000e+03
6.392000000000000000e+03
6.968000000000000000e+03
7.938000000000000000e+03
8.696000000000000000e+03
9.497000000000000000e+03
1.037000000000000000e+04
1.095300000000000000e+04
