6.147358344281479313e-04
5.692284210379411303e-04
5.229748215971640520e-04
4.789072702274650120e-04
4.341356032972151801e-04
3.886414082538652923e-04
3.459238768019378459e-04
3.025406892992971251e-04
2.584749002881998035e-04
2.137089323764554828e-04
1.722598431426381642e-04
1.301803593280248040e-04
8.745484479923850535e-05
4.406709622751120583e-05
3.148869204113317576e-10
3.148849647031444131e-10
3.148846638249617646e-10
3.148845133858704145e-10
3.148845133858704145e-10
3.148848142640531147e-10
3.148846638249617646e-10
3.148851151422357632e-10
3.148851151422357632e-10
3.148845133858704145e-10
3.148846638249617646e-10
3.148851151422357632e-10
3.148831594340484187e-10
3.148843629467791161e-10
3.148839116295051175e-10
3.148845133858704145e-10
3.148837611904137674e-10
3.148837611904137674e-10
3.148813541649524243e-10
3.148818054822264229e-10
3.148818054822264229e-10
