4.000000000000000000e+01
8.500000000000000000e+01
1.790000000000000000e+02
2.360000000000000000e+02
2.940000000000000000e+02
4.320000000000000000e+02
5.220000000000000000e+02
6.500000000000000000e+02
7.970000000000000000e+02
1.008000000000000000e+03
1.172000000000000000e+03
1.415000000000000000e+03
1.568000000000000000e+03
1.770000000000000000e+03
2.046000000000000000e+03
2.261000000000000000e+03
2.680000000000000000e+03
2.736000000000000000e+03
2.996000000000000000e+03
3.209000000000000000e+03
3.276000000000000000e+03
3.503000000000000000e+03
3.539000000000000000e+03
3.644000000000000000e+03
4.018000000000000000e+03
4.517000000000000000e+03
4.840000000000000000e+03
5.332000000000000000e+03
5.411000000000000000e+03
6.387000000000000000e+03
6.784000000000000000e+03
7.172000000000000000e+03
7.707000000000000000e+03
8.024000000000000000e+03
8.573000000000000000e+03
