4.000000000000000000e+01
8.500000000000000000e+01
1.790000000000000000e+02
2.360000000000000000e+02
3.990000000000000000e+02
4.800000000000000000e+02
6.350000000000000000e+02
8.010000000000000000e+02
9.820000000000000000e+02
1.169000000000000000e+03
1.318000000000000000e+03
1.559000000000000000e+03
1.712000000000000000e+03
2.097000000000000000e+03
2.269000000000000000e+03
2.682000000000000000e+03
2.975000000000000000e+03
3.489000000000000000e+03
3.967000000000000000e+03
4.377000000000000000e+03
5.110000000000000000e+03
5.797000000000000000e+03
6.128000000000000000e+03
6.622000000000000000e+03
7.045000000000000000e+03
7.452000000000000000e+03
8.050000000000000000e+03
8.912000000000000000e+03
9.318000000000000000e+03
1.023000000000000000e+04
