6.147358344281479313e-04
5.692284210379411303e-04
5.229748215971640520e-04
4.789072702274650120e-04
4.341356032963125276e-04
3.886414082544670788e-04
3.459238768016369798e-04
3.025406892985449056e-04
2.584749002856423332e-04
2.137089323761546167e-04
1.722598431417355388e-04
1.301803593274230447e-04
8.745484479938893841e-05
4.406709622555550162e-05
3.148891769977017506e-10
2.963656116818992234e-10
2.770540464056957060e-10
2.572956770282338828e-10
2.370608670485211963e-10
2.163503686620143711e-10
1.961948400834340884e-10
1.755735520780875845e-10
1.544634874650009309e-10
1.328523102386848667e-10
1.117374315746755785e-10
9.013076752109950035e-11
6.799907103877208581e-11
4.586812675190134421e-11
2.321741540447592196e-11
1.880488641659479042e-14
