3.737741616637246626e-03
2.804622999861473235e-03
1.871500718369136212e-03
9.383784265838787013e-04
5.256134740864435853e-06
3.982276121011586629e-06
2.692307839659396298e-06
1.402209662472387097e-06
8.825971319030796324e-08
5.962749958759319304e-08
3.065110324055469421e-08
1.439886006123769495e-09
1.017009030354393133e-09
5.826937245378918588e-10
5.745030297863076965e-10
5.745028824478041795e-10
5.745028824478041795e-10
5.745022930937899050e-10
5.745021457552863881e-10
5.745021457552863881e-10
5.745019984167827677e-10
5.745019984167827677e-10
5.745019984167827677e-10
5.745019984167827677e-10
5.745019984167827677e-10
5.745019984167827677e-10
5.745019984167827677e-10
5.745019984167827677e-10
5.745019984167827677e-10
5.745019984167827677e-10
