1.230000000000000000e+02
2.810000000000000000e+02
6.220000000000000000e+02
1.097000000000000000e+03
1.456000000000000000e+03
1.900000000000000000e+03
2.443000000000000000e+03
3.124000000000000000e+03
3.916000000000000000e+03
4.937000000000000000e+03
6.107000000000000000e+03
7.369000000000000000e+03
8.421000000000000000e+03
9.467000000000000000e+03
1.059400000000000000e+04
1.098000000000000000e+04
1.138700000000000000e+04
1.182100000000000000e+04
1.227500000000000000e+04
1.274200000000000000e+04
1.323300000000000000e+04
1.375300000000000000e+04
1.429500000000000000e+04
1.486000000000000000e+04
1.544900000000000000e+04
1.606100000000000000e+04
1.670000000000000000e+04
1.736200000000000000e+04
1.804600000000000000e+04
1.875600000000000000e+04
