3.737741616637246626e-03
2.804622999861473235e-03
1.871500718369136212e-03
9.383784265838787013e-04
5.256134740864435853e-06
3.982276121011586629e-06
2.692307839659396298e-06
1.402209662472387097e-06
8.825971319030796324e-08
5.962749958759319304e-08
3.065110324055469421e-08
1.439886006123769495e-09
1.017009030354393133e-09
5.826937245378918588e-10
3.966103513851429866e-10
2.075133164805116128e-10
1.792210823492909080e-11
9.731560821848514827e-12
7.896607098471909184e-12
4.998164056375829498e-12
3.117093381383929883e-12
1.382035163423201994e-13
1.340780382425494419e-13
1.043156605227747419e-13
6.306087952506721742e-14
6.188217149656128671e-14
-1.473385035632411617e-15
-1.768062042758893900e-15
-2.210077553448617326e-15
-2.357416057011858665e-15
