1.230000000000000000e+02
2.810000000000000000e+02
6.220000000000000000e+02
1.097000000000000000e+03
1.456000000000000000e+03
1.900000000000000000e+03
2.443000000000000000e+03
3.124000000000000000e+03
3.916000000000000000e+03
4.937000000000000000e+03
6.107000000000000000e+03
7.369000000000000000e+03
8.421000000000000000e+03
9.467000000000000000e+03
1.069700000000000000e+04
1.202200000000000000e+04
1.329000000000000000e+04
1.463400000000000000e+04
1.551700000000000000e+04
1.656100000000000000e+04
1.760200000000000000e+04
1.875500000000000000e+04
1.934200000000000000e+04
1.990900000000000000e+04
2.052100000000000000e+04
2.113900000000000000e+04
2.178700000000000000e+04
2.245000000000000000e+04
2.312500000000000000e+04
2.382200000000000000e+04
