1.230000000000000000e+02
2.810000000000000000e+02
6.220000000000000000e+02
1.097000000000000000e+03
1.456000000000000000e+03
2.135000000000000000e+03
3.492000000000000000e+03
4.856000000000000000e+03
8.396000000000000000e+03
8.622000000000000000e+03
8.886000000000000000e+03
1.745300000000000000e+04
1.781800000000000000e+04
1.820000000000000000e+04
1.860400000000000000e+04
1.900700000000000000e+04
3.648000000000000000e+04
5.194900000000000000e+04
5.239900000000000000e+04
5.292200000000000000e+04
5.351600000000000000e+04
5.409800000000000000e+04
5.470100000000000000e+04
5.536500000000000000e+04
5.600600000000000000e+04
5.667200000000000000e+04
5.737500000000000000e+04
5.810300000000000000e+04
5.880100000000000000e+04
5.958200000000000000e+04
