3.737741616637246626e-03
2.804622999861473235e-03
1.871500718369136212e-03
9.383784265838787013e-04
5.256134740864435853e-06
3.953134492783758393e-06
2.640996030768931424e-06
2.626319209253796764e-06
2.212595553740662909e-08
2.212595553740662909e-08
2.212589350789662664e-08
1.659384558442782533e-08
1.659379622602913134e-08
1.659376602163590261e-08
1.659372992370252742e-08
1.659364004721535417e-08
3.134849586463846948e-09
1.203515117673865105e-09
1.203446310592701087e-09
1.203381628989636785e-09
1.203312232554458493e-09
1.203240773380230344e-09
1.203178596531726553e-09
1.203112441543626667e-09
1.203054537511726418e-09
1.202998401541868786e-09
1.202942412910514775e-09
1.202887602987189105e-09
1.202829404278281616e-09
1.202758681796571361e-09
