4.669555382890958235e-03
4.669555382890958235e-03
4.669555382890958235e-03
4.669555382890958235e-03
4.669555382890958235e-03
4.669555382890958235e-03
4.669555382890958235e-03
4.669555382890958235e-03
4.669555382890958235e-03
4.669555382890958235e-03
4.669555382890958235e-03
4.669555382890958235e-03
4.669555382890958235e-03
4.669555382890958235e-03
4.669555382890958235e-03
4.669555382890958235e-03
4.669555382890958235e-03
4.669555382890958235e-03
4.669555382890958235e-03
4.669555382890958235e-03
4.669555382890958235e-03
4.669555382890958235e-03
4.669555382890958235e-03
4.669555382890958235e-03
4.669555382890958235e-03
4.669555382890958235e-03
3.732485024647395899e-03
2.797971669665103543e-03
1.863529297367854569e-03
9.291182436635317789e-04
