2.100000000000000000e+01
8.000000000000000000e+01
1.730000000000000000e+02
2.880000000000000000e+02
4.400000000000000000e+02
5.860000000000000000e+02
8.040000000000000000e+02
1.034000000000000000e+03
1.256000000000000000e+03
1.494000000000000000e+03
1.791000000000000000e+03
2.076000000000000000e+03
2.341000000000000000e+03
2.699000000000000000e+03
3.050000000000000000e+03
3.372000000000000000e+03
3.741000000000000000e+03
4.193000000000000000e+03
4.602000000000000000e+03
5.069000000000000000e+03
5.529000000000000000e+03
6.060000000000000000e+03
6.659000000000000000e+03
7.255000000000000000e+03
7.792000000000000000e+03
8.466000000000000000e+03
1.256400000000000000e+04
1.656100000000000000e+04
2.015800000000000000e+04
2.397200000000000000e+04
