3.994571913779097240e-03
3.825843088045756228e-03
3.651008538506836203e-03
3.493531505132121268e-03
3.330694302700496975e-03
3.162160663661546956e-03
3.014479502537734980e-03
2.862048136628523882e-03
2.704587373434212856e-03
2.541791841382727655e-03
2.402723017690828675e-03
2.259410457974884903e-03
2.111619311906241196e-03
1.959094125476866944e-03
1.801556205001647549e-03
1.670123271527579637e-03
1.534872474494480658e-03
1.395604032970727002e-03
1.252101685151930672e-03
1.104130716681966419e-03
9.514356621245443615e-04
8.268227369614653292e-04
6.987539767967114240e-04
5.670577644634179583e-04
4.315491134042551548e-04
2.920281645925422898e-04
1.482784508137651759e-04
6.487935201827232827e-08
6.414852224627226256e-08
6.345590291577284508e-08
6.268262058193298678e-08
6.187437644993903391e-08
6.102874018261800709e-08
6.036550279920675996e-08
5.962959146532959059e-08
