1.600000000000000000e+01
4.900000000000000000e+01
1.310000000000000000e+02
2.620000000000000000e+02
3.290000000000000000e+02
4.630000000000000000e+02
6.260000000000000000e+02
8.650000000000000000e+02
1.039000000000000000e+03
1.238000000000000000e+03
1.522000000000000000e+03
1.879000000000000000e+03
2.126000000000000000e+03
2.290000000000000000e+03
2.727000000000000000e+03
3.408000000000000000e+03
3.784000000000000000e+03
4.597000000000000000e+03
5.238000000000000000e+03
6.398000000000000000e+03
6.599000000000000000e+03
7.448000000000000000e+03
7.970000000000000000e+03
8.888000000000000000e+03
1.027500000000000000e+04
1.091500000000000000e+04
1.166000000000000000e+04
1.268500000000000000e+04
1.431200000000000000e+04
1.763300000000000000e+04
1.904700000000000000e+04
2.255800000000000000e+04
2.616800000000000000e+04
2.991100000000000000e+04
3.373500000000000000e+04
