3.994571913779097240e-03
3.825843088045756228e-03
3.651008538506836203e-03
3.493531505132121268e-03
3.330694302700496975e-03
3.162160663661546956e-03
3.014479502537734980e-03
2.862048136628523882e-03
2.704587373434212856e-03
2.541791841382727655e-03
2.402723017690828675e-03
2.259410457974884903e-03
2.111619311906241196e-03
1.959094125476866944e-03
1.801556205001647549e-03
1.670123271527579637e-03
1.534872474494480658e-03
1.395604032970727002e-03
1.252101685151930672e-03
1.104130716681966419e-03
9.514356621245443615e-04
8.268227369614653292e-04
6.987539767967114240e-04
5.670577644634179583e-04
4.315491134042551548e-04
2.920281645925422898e-04
1.482784508137651759e-04
6.487935201827232827e-08
5.263152390773312940e-08
4.650831317766015704e-08
4.650829422475187082e-08
4.081539606774067814e-08
3.758103505853101433e-08
3.655216965505108972e-08
2.974871860037701589e-08
