1.600000000000000000e+01
4.900000000000000000e+01
1.310000000000000000e+02
2.620000000000000000e+02
3.860000000000000000e+02
5.380000000000000000e+02
7.220000000000000000e+02
9.590000000000000000e+02
1.156000000000000000e+03
1.325000000000000000e+03
1.478000000000000000e+03
1.853000000000000000e+03
2.387000000000000000e+03
2.991000000000000000e+03
3.351000000000000000e+03
3.808000000000000000e+03
4.684000000000000000e+03
5.156000000000000000e+03
5.522000000000000000e+03
5.980000000000000000e+03
6.534000000000000000e+03
7.305000000000000000e+03
8.593000000000000000e+03
9.600000000000000000e+03
1.000000000000000000e+04
1.052500000000000000e+04
1.128200000000000000e+04
1.293600000000000000e+04
1.385100000000000000e+04
1.514700000000000000e+04
1.632200000000000000e+04
1.740200000000000000e+04
1.847300000000000000e+04
2.063600000000000000e+04
2.219000000000000000e+04
