3.994571913779097240e-03
3.825843088045756228e-03
3.651008538506836203e-03
3.493531505132121268e-03
3.330694302700496975e-03
3.162160663661087688e-03
3.014479502537505129e-03
2.862048136628753733e-03
2.704587373434097931e-03
2.541791841382727655e-03
2.402723017688416542e-03
2.259410457976378066e-03
2.111619311905896419e-03
1.959094125476752019e-03
1.801556204999235416e-03
1.670123271527349787e-03
1.534872474492642936e-03
1.395604032970267517e-03
1.252101685155261775e-03
1.104130716686446342e-03
9.514356621224767880e-04
8.268227369657154017e-04
6.987539767971709089e-04
5.670577644615801272e-04
4.315491134091944004e-04
2.920281645938058190e-04
1.482784508199679508e-04
6.487935649805065058e-08
6.433290406385336061e-08
6.373618771281520256e-08
6.311308374446607251e-08
6.246180300426360037e-08
6.178037324108482473e-08
6.112686742944943251e-08
6.044448186536241559e-08
