5.400000000000000000e+01
3.630000000000000000e+02
7.490000000000000000e+02
1.129000000000000000e+03
1.744000000000000000e+03
2.459000000000000000e+03
3.275000000000000000e+03
4.055000000000000000e+03
4.922000000000000000e+03
6.022000000000000000e+03
7.108000000000000000e+03
8.725000000000000000e+03
1.031600000000000000e+04
1.208200000000000000e+04
1.396500000000000000e+04
1.516500000000000000e+04
1.645400000000000000e+04
1.794600000000000000e+04
1.950100000000000000e+04
2.107200000000000000e+04
2.275200000000000000e+04
2.442900000000000000e+04
2.626000000000000000e+04
2.809800000000000000e+04
3.013500000000000000e+04
3.210500000000000000e+04
3.423000000000000000e+04
3.629000000000000000e+04
3.848700000000000000e+04
4.083700000000000000e+04
