1.590126087239352327e-03
1.483470897368093649e-03
1.379551635736547301e-03
1.267130656803668303e-03
1.157699189179988396e-03
1.051151023533919773e-03
9.323267654659873937e-04
8.167822533235338626e-04
7.043984000380638325e-04
5.950590960112299953e-04
4.690835981705340145e-04
3.467256117837962419e-04
2.278474011612348078e-04
1.123170049302522672e-04
7.931696510936366989e-09
7.349438290584580367e-09
6.743931425283380430e-09
6.194244347019502864e-09
5.666994497025812838e-09
5.160831388444754080e-09
4.528150282362233782e-09
3.955686299620590529e-09
3.406597691618878951e-09
2.879468948592236888e-09
2.359215332744982037e-09
1.860198832794445245e-09
1.381161810557809880e-09
9.020054114536550471e-10
4.420330768048211090e-10
1.123122944416086580e-13
