1.590126087239352327e-03
1.483470897368093649e-03
1.379551635736547301e-03
1.267130656803668303e-03
1.157699189179988396e-03
1.051151023533919773e-03
9.323267654659873937e-04
8.167822533235338626e-04
7.043984000380638325e-04
5.950590960112299953e-04
4.690835981705340145e-04
3.467256117837962419e-04
2.278474011612348078e-04
1.123170049302522672e-04
7.931696510936366989e-09
7.931672001193035140e-09
7.931603373911708278e-09
3.850116203044537057e-09
3.850102362248302485e-09
3.850072806381344171e-09
3.850021047570427265e-09
3.849957466412726867e-09
3.849890713405889173e-09
3.849808822028170432e-09
3.849716982578158196e-09
3.849624278078381919e-09
3.849527104154821044e-09
3.849434976354887460e-09
1.112643443217392422e-09
1.112578420310084050e-09
