5.400000000000000000e+01
3.630000000000000000e+02
7.490000000000000000e+02
1.129000000000000000e+03
1.744000000000000000e+03
2.459000000000000000e+03
3.275000000000000000e+03
4.055000000000000000e+03
4.922000000000000000e+03
6.022000000000000000e+03
7.108000000000000000e+03
8.725000000000000000e+03
1.031600000000000000e+04
1.208200000000000000e+04
1.396500000000000000e+04
1.435100000000000000e+04
1.479200000000000000e+04
2.066900000000000000e+04
2.114600000000000000e+04
2.164700000000000000e+04
2.222300000000000000e+04
2.273900000000000000e+04
2.327300000000000000e+04
2.391700000000000000e+04
2.456200000000000000e+04
2.522700000000000000e+04
2.595200000000000000e+04
2.663900000000000000e+04
3.519900000000000000e+04
3.599400000000000000e+04
