5.500684274841401199e-04
5.213411132594812560e-04
4.922091244827955618e-04
4.642667281868105632e-04
4.359393052014335040e-04
4.072182839786401805e-04
3.800184296487004398e-04
3.524517404737259997e-04
3.245102340220422182e-04
2.961856763993531106e-04
2.696893688728294568e-04
2.428431064907390436e-04
2.156394411246577978e-04
1.880706954412550728e-04
1.601289533496181303e-04
1.343002244891519160e-04
1.081372353346662896e-04
8.163302362311447384e-05
5.478041768414307155e-05
2.757202789382130591e-05
2.376949587469505180e-10
2.313839277902620993e-10
2.252154375983985283e-10
2.187396099632438740e-10
2.121272879675485222e-10
2.053928800640745310e-10
1.993320673272275151e-10
1.929911902898176679e-10
1.865217949996460975e-10
1.799175777586294163e-10
1.732666616930356386e-10
1.664842684959879496e-10
1.595683398170917253e-10
1.526428912676205586e-10
1.455869947618927668e-10
