2.100000000000000000e+01
5.800000000000000000e+01
1.160000000000000000e+02
1.690000000000000000e+02
2.760000000000000000e+02
3.550000000000000000e+02
4.240000000000000000e+02
5.620000000000000000e+02
8.290000000000000000e+02
1.008000000000000000e+03
1.148000000000000000e+03
1.415000000000000000e+03
1.806000000000000000e+03
2.064000000000000000e+03
2.584000000000000000e+03
2.806000000000000000e+03
3.291000000000000000e+03
3.974000000000000000e+03
4.521000000000000000e+03
5.204000000000000000e+03
6.010000000000000000e+03
6.831000000000000000e+03
7.292000000000000000e+03
7.712000000000000000e+03
8.820000000000000000e+03
9.395000000000000000e+03
1.029700000000000000e+04
1.155600000000000000e+04
1.267400000000000000e+04
1.343600000000000000e+04
1.414600000000000000e+04
1.547900000000000000e+04
1.606400000000000000e+04
1.734400000000000000e+04
1.813900000000000000e+04
