2.100000000000000000e+01
5.800000000000000000e+01
1.160000000000000000e+02
1.690000000000000000e+02
2.760000000000000000e+02
3.550000000000000000e+02
4.240000000000000000e+02
5.620000000000000000e+02
8.290000000000000000e+02
1.008000000000000000e+03
1.148000000000000000e+03
1.415000000000000000e+03
1.806000000000000000e+03
2.064000000000000000e+03
2.584000000000000000e+03
2.806000000000000000e+03
3.291000000000000000e+03
3.974000000000000000e+03
4.521000000000000000e+03
5.204000000000000000e+03
6.010000000000000000e+03
6.307000000000000000e+03
6.926000000000000000e+03
7.094000000000000000e+03
7.870000000000000000e+03
8.054000000000000000e+03
8.562000000000000000e+03
8.874000000000000000e+03
9.261000000000000000e+03
9.503000000000000000e+03
9.864000000000000000e+03
1.080900000000000000e+04
1.115400000000000000e+04
1.120100000000000000e+04
1.151500000000000000e+04
