5.500684274841401199e-04
5.213411132594812560e-04
4.922091244827955618e-04
4.642667281868105632e-04
4.359393052014335040e-04
4.072182839786401805e-04
3.800184296487004398e-04
3.524517404737259997e-04
3.245102340220422182e-04
2.961856763993531106e-04
2.696893688728294568e-04
2.428431064907390436e-04
2.156394411246577978e-04
1.880706954412550728e-04
1.601289533496181303e-04
1.343002244891519160e-04
1.081372353346662896e-04
8.163302362311447384e-05
5.478041768414307155e-05
2.757202789382130591e-05
2.376949587469505180e-10
2.376913566337600034e-10
2.376895555771647202e-10
2.376901988116630209e-10
2.376901988116630209e-10
2.376904561054623618e-10
2.376900701647633504e-10
2.376904561054623618e-10
2.376901988116630209e-10
2.376896842240643907e-10
2.376907133992617027e-10
2.376905847523620323e-10
2.376903274585626913e-10
2.376903274585626913e-10
2.376904561054623618e-10
