5.500684274841401199e-04
5.213411132594812560e-04
4.922091244826669754e-04
4.642667281875824067e-04
4.359393052016908394e-04
4.072182839781255640e-04
3.800184296487004398e-04
3.524517404747551787e-04
3.245102340220422182e-04
2.961856763988385483e-04
2.696893688727008162e-04
2.428431064933119637e-04
2.156394411249150790e-04
1.880706954399686127e-04
1.601289533507759498e-04
1.343002244913389144e-04
1.081372353353095332e-04
8.163302362285717912e-05
5.478041768414307155e-05
2.757202789549371486e-05
2.376934149841545758e-10
2.319030180303957783e-10
2.259111600317672729e-10
2.197880821954841455e-10
2.135538534378935930e-10
2.071860891984545311e-10
2.009791335835921788e-10
1.946297658508046753e-10
1.881626862048270182e-10
1.815676028936862939e-10
1.750996227194109953e-10
1.685065977586648692e-10
1.617765638497793379e-10
1.550479450567900784e-10
1.481861767226513207e-10
