2.100000000000000000e+01
5.800000000000000000e+01
1.030000000000000000e+02
1.630000000000000000e+02
2.210000000000000000e+02
3.890000000000000000e+02
5.560000000000000000e+02
6.840000000000000000e+02
8.220000000000000000e+02
1.152000000000000000e+03
1.288000000000000000e+03
1.661000000000000000e+03
1.986000000000000000e+03
2.187000000000000000e+03
2.692000000000000000e+03
2.991000000000000000e+03
3.633000000000000000e+03
4.131000000000000000e+03
4.764000000000000000e+03
5.686000000000000000e+03
6.442000000000000000e+03
7.251000000000000000e+03
7.648000000000000000e+03
8.194000000000000000e+03
9.100000000000000000e+03
1.037000000000000000e+04
1.141500000000000000e+04
1.234600000000000000e+04
1.323900000000000000e+04
1.403400000000000000e+04
1.563100000000000000e+04
1.699300000000000000e+04
1.808000000000000000e+04
1.932800000000000000e+04
1.996800000000000000e+04
