4.203984240679817241e-03
3.504309193817211569e-03
2.804631399060170029e-03
2.104953596578727510e-03
1.405275794069223887e-03
7.055979915707680673e-04
5.920189054856707736e-06
4.965018863230064555e-06
3.997769371706212064e-06
3.030464721612568582e-06
2.063160228176722982e-06
1.095813508283332557e-06
1.105818665126025360e-07
8.911273950638846143e-08
6.738828923519063282e-08
4.566062648483839092e-08
2.393021040188122455e-08
2.026924759221951407e-09
1.709803417871237215e-09
1.388056362847133107e-09
1.066230205578220063e-09
7.405768695877028414e-10
7.344738441579106082e-10
7.282826572876750318e-10
7.220631880505803794e-10
7.219865163216734131e-10
7.218926100254617780e-10
7.218901795095599118e-10
7.218884118616312067e-10
7.218879699496490304e-10
