1.300000000000000000e+01
3.900000000000000000e+01
8.200000000000000000e+01
1.460000000000000000e+02
2.130000000000000000e+02
2.990000000000000000e+02
3.870000000000000000e+02
4.210000000000000000e+02
4.710000000000000000e+02
5.240000000000000000e+02
5.810000000000000000e+02
6.420000000000000000e+02
7.080000000000000000e+02
7.770000000000000000e+02
8.710000000000000000e+02
9.480000000000000000e+02
1.029000000000000000e+03
1.139000000000000000e+03
1.230000000000000000e+03
1.332000000000000000e+03
1.430000000000000000e+03
1.531000000000000000e+03
1.611000000000000000e+03
1.694000000000000000e+03
1.788000000000000000e+03
1.848000000000000000e+03
1.910000000000000000e+03
1.943000000000000000e+03
1.977000000000000000e+03
2.014000000000000000e+03
