4.203984240679817241e-03
3.504309193817211569e-03
2.804631399060170029e-03
2.104953596578727510e-03
1.405275794069223887e-03
7.055979915707680673e-04
5.920189054856707736e-06
4.965018863230064555e-06
3.997769371706212064e-06
3.030464721612568582e-06
2.063160228176722982e-06
1.095813508283332557e-06
1.105818665126025360e-07
8.911273950638846143e-08
6.738828923519063282e-08
4.566062648483839092e-08
2.393021040188122455e-08
2.026924759221951407e-09
1.709803417871237215e-09
1.388056362847133107e-09
1.066230205578220063e-09
7.405768695877028414e-10
6.010433821727524061e-10
4.592543760007939738e-10
3.174152128188589975e-10
1.756105187715334619e-10
3.347151830969448828e-11
2.735744508034797702e-11
2.116139717830848402e-11
1.492137903404283440e-11
