4.203984240679817241e-03
3.504309193817211569e-03
2.804631399060170029e-03
2.104953596578727510e-03
1.405275794069223887e-03
7.055979915707680673e-04
5.920189054856707736e-06
4.943167768276324516e-06
3.959294399989446345e-06
2.975372844073341288e-06
1.991451008647907001e-06
1.007540842350273976e-06
2.775883550140311615e-08
2.775882644220748123e-08
2.229609457493260618e-08
2.129384438613330832e-08
1.752588739403995002e-08
1.711766567660840013e-08
1.589741920222349255e-08
1.478161752004508113e-08
1.156966777619732071e-08
1.156964369199429220e-08
5.657469883326769245e-09
5.657267487638934571e-09
5.742847278282480388e-10
1.724055521208279977e-10
1.723739554141026771e-10
1.723719668101828838e-10
1.723721877661739719e-10
1.723713039422096193e-10
