1.300000000000000000e+01
3.900000000000000000e+01
8.200000000000000000e+01
1.460000000000000000e+02
2.130000000000000000e+02
2.990000000000000000e+02
3.870000000000000000e+02
4.860000000000000000e+02
6.730000000000000000e+02
9.250000000000000000e+02
1.292000000000000000e+03
1.770000000000000000e+03
2.253000000000000000e+03
2.271000000000000000e+03
3.046000000000000000e+03
4.106000000000000000e+03
5.525000000000000000e+03
6.579000000000000000e+03
7.445000000000000000e+03
8.150000000000000000e+03
1.032600000000000000e+04
1.037900000000000000e+04
1.293900000000000000e+04
1.299600000000000000e+04
1.413100000000000000e+04
1.551200000000000000e+04
1.557500000000000000e+04
1.560900000000000000e+04
1.565100000000000000e+04
1.568800000000000000e+04
