1.300000000000000000e+01
3.900000000000000000e+01
8.200000000000000000e+01
1.460000000000000000e+02
2.130000000000000000e+02
2.990000000000000000e+02
3.870000000000000000e+02
4.210000000000000000e+02
4.720000000000000000e+02
5.250000000000000000e+02
5.820000000000000000e+02
6.430000000000000000e+02
7.090000000000000000e+02
7.790000000000000000e+02
8.530000000000000000e+02
9.310000000000000000e+02
1.012000000000000000e+03
1.101000000000000000e+03
1.168000000000000000e+03
1.239000000000000000e+03
1.313000000000000000e+03
1.393000000000000000e+03
1.525000000000000000e+03
1.661000000000000000e+03
1.831000000000000000e+03
1.978000000000000000e+03
2.130000000000000000e+03
2.233000000000000000e+03
2.298000000000000000e+03
2.400000000000000000e+03
