4.203984240679817241e-03
3.504309193817211569e-03
2.804631399060170029e-03
2.104953596578727510e-03
1.405275794069223887e-03
7.055979915707680673e-04
5.920189054856707736e-06
4.943167759659040757e-06
3.959309909995240621e-06
2.975404043722150515e-06
1.991497868110672697e-06
1.007603308155645936e-06
2.783632211600515773e-08
2.236401048078074565e-08
1.683027131238644199e-08
1.129598947607802999e-08
5.762033328900478393e-09
2.742207470774069501e-10
2.262792628234587586e-10
1.776435348455176860e-10
1.290133307673537653e-10
8.092645747127085314e-11
6.531039280125297098e-11
4.951888907431264514e-11
3.374793425454333596e-11
1.795974486746930323e-11
2.360914764756151485e-12
1.802117063299127073e-12
1.265414960950723422e-12
7.340158023883889368e-13
