4.902680878866988272e-03
4.902680878866988272e-03
4.902680878866988272e-03
4.902680878866988272e-03
4.902680878866988272e-03
4.902680878866988272e-03
4.902680878866988272e-03
4.902680878866988272e-03
4.902680878866988272e-03
4.902680878866988272e-03
4.902680878866988272e-03
4.902680878866988272e-03
4.902680878866988272e-03
4.902680878866988272e-03
4.902680878866988272e-03
4.902680878866988272e-03
4.902680878866988272e-03
4.902680878866988272e-03
4.902680878866988272e-03
4.902680878866988272e-03
4.902680878866988272e-03
4.902680878866988272e-03
4.902680878866988272e-03
4.902680878866988272e-03
4.902680878866988272e-03
4.902680878866988272e-03
4.902680878866988272e-03
4.902680878866988272e-03
4.902680878866988272e-03
4.902680878866988272e-03
