3.000000000000000000e+00
7.000000000000000000e+00
1.200000000000000000e+01
1.800000000000000000e+01
3.600000000000000000e+01
5.500000000000000000e+01
7.500000000000000000e+01
9.600000000000000000e+01
1.180000000000000000e+02
1.410000000000000000e+02
1.650000000000000000e+02
1.900000000000000000e+02
2.160000000000000000e+02
2.430000000000000000e+02
2.710000000000000000e+02
3.000000000000000000e+02
3.300000000000000000e+02
3.610000000000000000e+02
3.930000000000000000e+02
4.260000000000000000e+02
4.600000000000000000e+02
4.950000000000000000e+02
5.310000000000000000e+02
5.680000000000000000e+02
6.060000000000000000e+02
6.450000000000000000e+02
6.850000000000000000e+02
7.260000000000000000e+02
7.680000000000000000e+02
8.110000000000000000e+02
