3.600000000000000000e+01
7.700000000000000000e+01
1.320000000000000000e+02
2.700000000000000000e+02
3.900000000000000000e+02
5.640000000000000000e+02
7.430000000000000000e+02
9.740000000000000000e+02
1.126000000000000000e+03
1.434000000000000000e+03
1.861000000000000000e+03
2.195000000000000000e+03
2.430000000000000000e+03
2.623000000000000000e+03
3.102000000000000000e+03
3.563000000000000000e+03
3.972000000000000000e+03
4.558000000000000000e+03
5.123000000000000000e+03
5.713000000000000000e+03
6.249000000000000000e+03
7.289000000000000000e+03
7.743000000000000000e+03
8.460000000000000000e+03
9.286000000000000000e+03
1.045900000000000000e+04
1.082400000000000000e+04
1.133200000000000000e+04
1.207800000000000000e+04
1.367500000000000000e+04
1.419800000000000000e+04
