6.720068248561935839e-03
5.636933006334103602e-03
4.534031168101406058e-03
3.431324024410618411e-03
1.305369472660861422e-03
1.970394764892454483e-04
1.519576088801001025e-04
1.379172842090547427e-04
1.265497044901876193e-04
1.125947912651246432e-04
1.896353901893630141e-05
4.520478546939192736e-06
4.516488048593381869e-06
4.516482815740986859e-06
4.516222225888592303e-06
3.715019255019898578e-06
2.866624412542105156e-06
2.757286278182684268e-08
2.654945459330518826e-08
2.646922403702201241e-08
2.370746277571723011e-08
2.310816104220370700e-08
2.301784698145796132e-08
2.298440225215515875e-08
2.288132840441039502e-08
2.142647255697522071e-08
2.140394632806120434e-08
2.111370575800360208e-08
4.775453140457846965e-10
3.677378042344196901e-10
7.570066377263290280e-15
