6.741325926199158713e-01
5.091796737882781088e-01
3.412587336028423679e-01
1.728647362664618437e-01
4.397441637244379857e-03
3.315896283642447671e-03
2.213768386128927082e-03
1.111863915018210334e-03
4.062891724516236997e-05
4.062891724516236997e-05
2.733112748214869441e-05
1.374609760474238857e-05
4.174638789729953419e-07
4.174638368975101544e-07
4.174637663022399738e-07
2.107553732488620254e-07
1.109328213041119040e-08
3.509000752923892399e-09
3.500782829703179446e-09
3.500763816513209008e-09
2.178106326848900980e-09
2.070043453265412082e-10
1.117774875500063779e-10
1.116958012523540500e-10
1.116933365795800623e-10
1.116901677145849333e-10
1.116884072340320739e-10
9.311322482478080855e-11
9.309790864397099062e-11
9.307519844483919651e-11
9.157456482158821064e-11
