1.900000000000000000e+01
5.700000000000000000e+01
1.510000000000000000e+02
2.660000000000000000e+02
4.060000000000000000e+02
5.560000000000000000e+02
6.560000000000000000e+02
8.740000000000000000e+02
1.077000000000000000e+03
1.100000000000000000e+03
1.480000000000000000e+03
2.406000000000000000e+03
3.706000000000000000e+03
3.970000000000000000e+03
4.819000000000000000e+03
5.720000000000000000e+03
7.667000000000000000e+03
9.746000000000000000e+03
1.194100000000000000e+04
1.260100000000000000e+04
1.350700000000000000e+04
1.600800000000000000e+04
1.820200000000000000e+04
1.894900000000000000e+04
1.954000000000000000e+04
1.993200000000000000e+04
2.021600000000000000e+04
2.333500000000000000e+04
2.362200000000000000e+04
2.521800000000000000e+04
2.869200000000000000e+04
