6.720068248561935839e-03
5.636933006334103602e-03
4.534031168101406058e-03
3.431324024410618411e-03
1.305369472660861422e-03
1.970394764892454483e-04
1.516926878688029982e-04
1.381906622108460036e-04
1.274315569571361794e-04
1.138548159288390037e-04
2.105202254124949410e-05
7.269400968626216046e-06
7.268668562943735796e-06
7.268667689041189060e-06
7.266303657658961379e-06
5.365420945686255478e-06
3.938015479647548389e-06
4.239267592371395997e-08
4.148713419683046156e-08
4.136184273241260036e-08
3.858142248982424631e-08
3.814674505328846283e-08
3.796494603618126924e-08
3.786026803855675011e-08
3.765485393531359777e-08
2.594855399135356681e-08
2.592878449893726075e-08
2.361802490614263640e-08
2.664349823210215404e-09
2.538658905754909410e-09
1.197126775939311094e-14
