3.600000000000000000e+01
7.700000000000000000e+01
1.320000000000000000e+02
2.700000000000000000e+02
3.900000000000000000e+02
5.640000000000000000e+02
7.330000000000000000e+02
1.003000000000000000e+03
1.249000000000000000e+03
1.567000000000000000e+03
1.894000000000000000e+03
2.219000000000000000e+03
2.388000000000000000e+03
2.600000000000000000e+03
3.127000000000000000e+03
3.447000000000000000e+03
3.884000000000000000e+03
4.188000000000000000e+03
4.816000000000000000e+03
5.069000000000000000e+03
5.434000000000000000e+03
6.151000000000000000e+03
6.541000000000000000e+03
7.016000000000000000e+03
7.870000000000000000e+03
8.379000000000000000e+03
9.006000000000000000e+03
1.005400000000000000e+04
1.101100000000000000e+04
1.240000000000000000e+04
1.328000000000000000e+04
