1.628269338911315645e-01
1.375810932715171575e-01
1.121900839900492608e-01
8.678092337633429298e-02
6.136946334068439646e-02
3.595771136371635895e-02
1.054592230773570942e-02
1.023569363539470443e-02
9.756365164327809522e-03
9.224475386950887340e-03
8.679908341241748468e-03
8.076330708653134058e-03
6.578994905298892609e-03
6.379801612116453927e-03
6.106248377336919407e-03
5.797075151012805183e-03
5.382082397532163276e-03
4.653572276806574107e-03
4.609887384617666721e-03
4.543017631887484066e-03
4.448620058501459237e-03
4.215090406183423163e-03
4.194762721512071760e-03
4.164096842355150853e-03
4.094846341866173467e-03
4.092667037850092338e-03
4.081753146909625554e-03
4.079308112986923009e-03
3.378498945764429190e-03
2.526690334655121595e-03
