1.400000000000000000e+01
3.700000000000000000e+01
7.100000000000000000e+01
1.190000000000000000e+02
1.820000000000000000e+02
2.620000000000000000e+02
3.610000000000000000e+02
4.910000000000000000e+02
6.230000000000000000e+02
7.930000000000000000e+02
9.620000000000000000e+02
1.186000000000000000e+03
1.427000000000000000e+03
1.700000000000000000e+03
1.971000000000000000e+03
2.295000000000000000e+03
2.636000000000000000e+03
3.023000000000000000e+03
3.398000000000000000e+03
3.813000000000000000e+03
4.270000000000000000e+03
4.799000000000000000e+03
5.296000000000000000e+03
5.784000000000000000e+03
6.374000000000000000e+03
6.984000000000000000e+03
7.616000000000000000e+03
8.238000000000000000e+03
9.102000000000000000e+03
1.012600000000000000e+04
