1.628269338911315645e-01
1.375810932715171575e-01
1.121900839900492608e-01
8.678092337633429298e-02
6.136946334068439646e-02
3.595771136371635895e-02
1.054592230773570942e-02
1.023569363539470443e-02
9.756365164327809522e-03
9.224475386950887340e-03
8.679908341241748468e-03
8.076330708653134058e-03
6.578994905298892609e-03
6.379801612116453927e-03
6.106248377336919407e-03
5.797075151012805183e-03
5.382082397532163276e-03
4.653572276806574107e-03
4.609887384617666721e-03
4.543017631887484066e-03
4.448620058501459237e-03
4.215090406183423163e-03
4.027157440690141456e-03
3.768645353800843378e-03
3.486930529626998138e-03
3.184260669376638708e-03
2.757764147195118729e-03
2.720747046116207997e-03
2.662867259090706540e-03
2.557610086946800112e-03
