1.400000000000000000e+01
3.700000000000000000e+01
7.100000000000000000e+01
1.190000000000000000e+02
1.820000000000000000e+02
2.620000000000000000e+02
3.610000000000000000e+02
4.830000000000000000e+02
6.390000000000000000e+02
8.210000000000000000e+02
1.042000000000000000e+03
1.279000000000000000e+03
1.521000000000000000e+03
1.540000000000000000e+03
1.869000000000000000e+03
2.572000000000000000e+03
3.641000000000000000e+03
4.911000000000000000e+03
6.478000000000000000e+03
6.549000000000000000e+03
6.575000000000000000e+03
7.410000000000000000e+03
8.838000000000000000e+03
1.149200000000000000e+04
1.395500000000000000e+04
1.401600000000000000e+04
1.404800000000000000e+04
1.408300000000000000e+04
1.525800000000000000e+04
1.836300000000000000e+04
