1.628269338911315645e-01
1.375810932715171575e-01
1.121900839900492608e-01
8.678092337633429298e-02
6.136946334068439646e-02
3.595771136371635895e-02
1.054592230773570942e-02
9.392739671218170230e-03
7.936329948653793320e-03
6.389851012959323930e-03
4.819056697302630081e-03
3.269755474503983038e-03
1.950618778913488713e-03
1.950618778911502454e-03
1.726584385309617954e-03
1.405466299659161164e-03
1.053927092261644797e-03
7.141747400604554459e-04
4.585083757183561616e-04
4.585083756591319432e-04
4.585083756519094762e-04
3.907625796556831095e-04
2.885411087384834013e-04
1.836901708145575107e-04
1.071065867590611934e-04
1.071065867029065140e-04
1.071065866976702240e-04
1.071065866969479828e-04
8.277635059715961598e-05
4.747083616274043818e-05
