1.400000000000000000e+01
3.700000000000000000e+01
7.100000000000000000e+01
1.190000000000000000e+02
1.820000000000000000e+02
2.620000000000000000e+02
3.610000000000000000e+02
4.810000000000000000e+02
6.370000000000000000e+02
8.280000000000000000e+02
1.024000000000000000e+03
1.259000000000000000e+03
1.501000000000000000e+03
1.757000000000000000e+03
2.064000000000000000e+03
2.369000000000000000e+03
2.691000000000000000e+03
3.028000000000000000e+03
3.412000000000000000e+03
3.808000000000000000e+03
4.217000000000000000e+03
4.669000000000000000e+03
5.112000000000000000e+03
5.600000000000000000e+03
6.105000000000000000e+03
6.658000000000000000e+03
7.260000000000000000e+03
7.820000000000000000e+03
8.398000000000000000e+03
9.092000000000000000e+03
