1.628269338911315645e-01
1.375810932715171575e-01
1.121900839900492608e-01
8.678092337633429298e-02
6.136946334068439646e-02
3.595771136371635895e-02
1.054592230773570942e-02
9.392739671216003561e-03
7.975484706910956553e-03
6.487154855803423971e-03
4.982827067289958764e-03
3.501540048352159550e-03
2.237870150842935241e-03
2.027484465908420755e-03
1.738679147403983036e-03
1.429883003646466874e-03
1.130361633764185095e-03
8.937659201096648156e-04
8.343367955531771300e-04
7.477420944876737863e-04
6.580002581326933365e-04
5.897525067343252101e-04
5.342550787193374451e-04
4.568752468566952742e-04
3.754404546510693393e-04
3.025687623641318052e-04
2.562050243373424890e-04
2.346946985009939969e-04
2.032771253842497209e-04
1.783001720541303259e-04
