1.868225775737147321e-01
1.868225775737147321e-01
1.868225775737147321e-01
1.868225775737147321e-01
1.868225775737147321e-01
1.868225775737147321e-01
1.868225775737147321e-01
1.868225775737147321e-01
1.868225775737147321e-01
1.868225775737147321e-01
1.868225775737147321e-01
1.868225775737147321e-01
1.868225775737147321e-01
1.868225775737147321e-01
1.868225775737147321e-01
1.868225775737147321e-01
1.868225775737147321e-01
1.868225775737147321e-01
1.868225775737147321e-01
1.868225775737147321e-01
1.868225775737147321e-01
1.868225775737147321e-01
1.868225775737147321e-01
1.868225775737147321e-01
1.868225775737147321e-01
1.868225775737147321e-01
1.868225775737147321e-01
1.868225775737147321e-01
1.868225775737147321e-01
1.868225775737147321e-01
