1.000000000000000000e+01
7.900000000000000000e+01
1.330000000000000000e+02
2.580000000000000000e+02
3.230000000000000000e+02
4.110000000000000000e+02
5.470000000000000000e+02
7.720000000000000000e+02
9.580000000000000000e+02
1.180000000000000000e+03
1.487000000000000000e+03
1.632000000000000000e+03
1.864000000000000000e+03
2.216000000000000000e+03
2.369000000000000000e+03
2.806000000000000000e+03
3.086000000000000000e+03
3.413000000000000000e+03
3.765000000000000000e+03
4.472000000000000000e+03
4.965000000000000000e+03
5.657000000000000000e+03
6.309000000000000000e+03
6.879000000000000000e+03
7.669000000000000000e+03
8.453000000000000000e+03
9.543000000000000000e+03
1.023500000000000000e+04
1.100700000000000000e+04
1.176400000000000000e+04
