1.348811832818330248e-03
1.247332168515584384e-03
1.143376148430426788e-03
1.046588594698750953e-03
9.475308252633633192e-04
8.461115637944057778e-04
7.535911234906242633e-04
6.589807157336436674e-04
5.621997363206882210e-04
4.631628514837399430e-04
3.745408229940589990e-04
2.839874750293996898e-04
1.914312095226350179e-04
9.679640345025084121e-05
3.089726930639571101e-09
2.900557546938207305e-09
2.717993111805398241e-09
2.520247467619650432e-09
2.315688115616858643e-09
2.103951963276958304e-09
1.926868026933445116e-09
1.735626969208409535e-09
1.537800368277060330e-09
1.333045295003536293e-09
1.125803454879643531e-09
9.114337826374230009e-10
6.895480194276524670e-10
4.676286000427443882e-10
2.379291464429233561e-10
3.638505420279596669e-14
