1.348811832818330248e-03
1.247332168515584384e-03
1.143376148430426788e-03
1.046588594698750953e-03
9.475308252633633192e-04
8.461115637944057778e-04
7.535911234906242633e-04
6.589807157336436674e-04
5.621997363206882210e-04
4.631628514837399430e-04
3.745408229940589990e-04
2.839874750293996898e-04
1.914312095226350179e-04
9.679640345025084121e-05
3.089726930639571101e-09
1.961989306920264089e-09
1.961987790876339174e-09
1.961986881249983976e-09
1.961950192986995980e-09
1.961939429075127800e-09
1.235469675895188068e-09
1.017338547070361063e-09
1.017332482894660574e-09
1.017331876477090650e-09
1.017331724872698117e-09
1.017303981268868527e-09
9.859197495574618528e-10
9.858771487231661083e-10
9.856721795844901810e-10
8.991721709754732690e-10
