1.000000000000000000e+01
7.900000000000000000e+01
1.330000000000000000e+02
2.580000000000000000e+02
3.230000000000000000e+02
4.110000000000000000e+02
5.470000000000000000e+02
7.720000000000000000e+02
9.580000000000000000e+02
1.180000000000000000e+03
1.487000000000000000e+03
1.632000000000000000e+03
1.864000000000000000e+03
2.216000000000000000e+03
2.369000000000000000e+03
4.029000000000000000e+03
4.291000000000000000e+03
4.399000000000000000e+03
5.261000000000000000e+03
5.632000000000000000e+03
8.050000000000000000e+03
1.056400000000000000e+04
1.130800000000000000e+04
1.151100000000000000e+04
1.206900000000000000e+04
1.322100000000000000e+04
1.468600000000000000e+04
1.584200000000000000e+04
1.778300000000000000e+04
2.080800000000000000e+04
