1.000000000000000000e+01
7.900000000000000000e+01
1.330000000000000000e+02
2.580000000000000000e+02
3.240000000000000000e+02
4.700000000000000000e+02
5.930000000000000000e+02
7.630000000000000000e+02
1.181000000000000000e+03
1.348000000000000000e+03
1.542000000000000000e+03
1.804000000000000000e+03
2.305000000000000000e+03
2.541000000000000000e+03
3.095000000000000000e+03
3.509000000000000000e+03
3.804000000000000000e+03
4.403000000000000000e+03
4.985000000000000000e+03
5.421000000000000000e+03
6.067000000000000000e+03
6.544000000000000000e+03
7.005000000000000000e+03
7.647000000000000000e+03
8.207000000000000000e+03
8.745000000000000000e+03
9.559000000000000000e+03
1.039200000000000000e+04
1.128900000000000000e+04
1.181400000000000000e+04
