1.348811832818330248e-03
1.247332168515584384e-03
1.143376148430426788e-03
1.046588594698750953e-03
9.475308252632117477e-04
8.461115637892511554e-04
7.535911234903210120e-04
6.589807157328857017e-04
5.621997363194753241e-04
4.631628514834367459e-04
3.745408229952717875e-04
2.839874750298545126e-04
1.914312095233930650e-04
9.679640344858318919e-05
3.089721624485833277e-09
2.918893340190528676e-09
2.736944267286924578e-09
2.548825350421273928e-09
2.354235200061263115e-09
2.152822700433836015e-09
1.958709042679489483e-09
1.758031369542566309e-09
1.550443871403746951e-09
1.335581181677078642e-09
1.127943957297515528e-09
9.131547957012152261e-10
6.908401436650292251e-10
4.684992640689387568e-10
2.383701636207397483e-10
2.819841700716687403e-14
