2.100000000000000000e+01
5.000000000000000000e+01
1.110000000000000000e+02
1.740000000000000000e+02
2.320000000000000000e+02
3.880000000000000000e+02
5.040000000000000000e+02
6.750000000000000000e+02
9.480000000000000000e+02
1.210000000000000000e+03
1.345000000000000000e+03
1.597000000000000000e+03
1.893000000000000000e+03
2.275000000000000000e+03
2.632000000000000000e+03
3.213000000000000000e+03
3.869000000000000000e+03
4.418000000000000000e+03
5.033000000000000000e+03
5.684000000000000000e+03
6.274000000000000000e+03
7.141000000000000000e+03
7.763000000000000000e+03
8.924000000000000000e+03
9.656000000000000000e+03
1.019700000000000000e+04
1.096300000000000000e+04
1.227400000000000000e+04
1.357900000000000000e+04
1.425300000000000000e+04
1.464400000000000000e+04
1.570900000000000000e+04
1.676600000000000000e+04
1.846600000000000000e+04
2.001400000000000000e+04
2.160300000000000000e+04
2.198600000000000000e+04
2.441800000000000000e+04
2.577700000000000000e+04
2.701600000000000000e+04
2.813700000000000000e+04
3.003700000000000000e+04
3.108000000000000000e+04
3.269600000000000000e+04
3.320000000000000000e+04
3.653700000000000000e+04
3.846100000000000000e+04
4.122400000000000000e+04
4.455800000000000000e+04
4.500100000000000000e+04
