1.082656767513428230e-03
1.039568615137240887e-03
9.956872089496376314e-04
9.541228127793822738e-04
9.118152752370736486e-04
8.687426014746468198e-04
8.285958749112375381e-04
7.877513107988567574e-04
7.461888750496036915e-04
7.038876825762048050e-04
6.650634054426615661e-04
6.255823992406054886e-04
5.854263553783033928e-04
5.445762115825523260e-04
5.030121090655432191e-04
4.654244747302882642e-04
4.272175410395524331e-04
3.883745247992136129e-04
3.488779725339780872e-04
3.087097235506378089e-04
2.678508703386663493e-04
2.314222702804127234e-04
1.944085596792749840e-04
1.567943096112081212e-04
1.185634926890553079e-04
7.969945100222784317e-05
4.018486202525806659e-05
1.701920877194773334e-09
1.680473342583034291e-09
1.659622533459243682e-09
1.637475202593455585e-09
1.614774318424642185e-09
1.591499198989869254e-09
1.571158657967989474e-09
1.549583415060533854e-09
1.527475526845369639e-09
1.504803574821426509e-09
1.481906607561402793e-09
1.458443090136400526e-09
1.434370302426259468e-09
1.410307686173299646e-09
1.385626645323738171e-09
1.360324128440421168e-09
1.340404233681068774e-09
1.319362088146085677e-09
1.297759043255668883e-09
1.275627534656606669e-09
1.253311583633996641e-09
1.230425352912108399e-09
1.206965225972833002e-09
