1.082656767513428230e-03
1.039568615137240887e-03
9.956872089496376314e-04
9.541228127793822738e-04
9.118152752370736486e-04
8.687426014746468198e-04
8.285958749112375381e-04
7.877513107988567574e-04
7.461888750496036915e-04
7.038876825762048050e-04
6.650634054426615661e-04
6.255823992406054886e-04
5.854263553783033928e-04
5.445762115825523260e-04
5.030121090655432191e-04
4.654244747302882642e-04
4.272175410395524331e-04
3.883745247992136129e-04
3.488779725339780872e-04
3.087097235506378089e-04
2.678508703386663493e-04
2.314222702804127234e-04
1.944085596792749840e-04
1.567943096112081212e-04
1.185634926890553079e-04
7.969945100222784317e-05
4.018486202525806659e-05
1.701920877194773334e-09
1.701916130514755714e-09
1.701910366689019722e-09
1.701910027640447138e-09
1.701910366689019722e-09
1.701908784462347113e-09
1.701908332397583599e-09
1.701907428268056364e-09
1.701907428268056364e-09
1.701907541284247295e-09
1.701902907620420398e-09
1.701902116507084093e-09
1.701872732297450310e-09
1.701868889746959717e-09
1.701868098633623413e-09
1.701867081487905248e-09
1.701860752581215018e-09
1.701854875739288096e-09
1.701814754991518840e-09
1.701712588354945868e-09
1.701688741938666009e-09
1.701623531596517076e-09
1.701516957328499067e-09
