2.100000000000000000e+01
5.000000000000000000e+01
1.110000000000000000e+02
1.740000000000000000e+02
2.320000000000000000e+02
3.880000000000000000e+02
5.040000000000000000e+02
6.750000000000000000e+02
9.480000000000000000e+02
1.210000000000000000e+03
1.345000000000000000e+03
1.597000000000000000e+03
1.893000000000000000e+03
2.275000000000000000e+03
2.632000000000000000e+03
3.213000000000000000e+03
3.869000000000000000e+03
4.418000000000000000e+03
5.033000000000000000e+03
5.684000000000000000e+03
6.274000000000000000e+03
7.141000000000000000e+03
7.763000000000000000e+03
8.924000000000000000e+03
9.656000000000000000e+03
1.019700000000000000e+04
1.096300000000000000e+04
1.227400000000000000e+04
1.298400000000000000e+04
1.373000000000000000e+04
1.401500000000000000e+04
1.440300000000000000e+04
1.497900000000000000e+04
1.572500000000000000e+04
1.672800000000000000e+04
1.677700000000000000e+04
1.739500000000000000e+04
1.772700000000000000e+04
1.897900000000000000e+04
2.093100000000000000e+04
2.197600000000000000e+04
2.275200000000000000e+04
2.332300000000000000e+04
2.437000000000000000e+04
2.518200000000000000e+04
2.657300000000000000e+04
2.852900000000000000e+04
3.075200000000000000e+04
3.257600000000000000e+04
3.555200000000000000e+04
