2.100000000000000000e+01
5.000000000000000000e+01
1.110000000000000000e+02
1.740000000000000000e+02
3.480000000000000000e+02
4.310000000000000000e+02
5.640000000000000000e+02
7.350000000000000000e+02
9.010000000000000000e+02
1.027000000000000000e+03
1.214000000000000000e+03
1.511000000000000000e+03
1.714000000000000000e+03
2.100000000000000000e+03
2.524000000000000000e+03
2.997000000000000000e+03
3.498000000000000000e+03
3.937000000000000000e+03
4.611000000000000000e+03
4.850000000000000000e+03
5.549000000000000000e+03
6.249000000000000000e+03
6.981000000000000000e+03
7.413000000000000000e+03
8.112000000000000000e+03
8.925000000000000000e+03
9.775000000000000000e+03
1.090400000000000000e+04
1.225800000000000000e+04
1.331300000000000000e+04
1.484400000000000000e+04
1.576900000000000000e+04
1.700600000000000000e+04
1.821700000000000000e+04
1.946000000000000000e+04
2.175400000000000000e+04
2.256500000000000000e+04
2.349100000000000000e+04
2.460000000000000000e+04
2.578400000000000000e+04
2.797800000000000000e+04
2.925300000000000000e+04
3.144200000000000000e+04
3.373400000000000000e+04
3.627100000000000000e+04
3.794600000000000000e+04
4.092000000000000000e+04
4.403700000000000000e+04
4.560700000000000000e+04
4.911000000000000000e+04
