1.082656767513428230e-03
1.039568615137240887e-03
9.956872089496376314e-04
9.541228127793822738e-04
9.118152752358303940e-04
8.687426014757769922e-04
8.285958749132718267e-04
7.877513107985177274e-04
7.461888750497166654e-04
7.038876825759787488e-04
6.650634054413053376e-04
6.255823992424137210e-04
5.854263553775123589e-04
5.445762115837955806e-04
5.030121090672384776e-04
4.654244747302882642e-04
4.272175410376311726e-04
3.883745248013609295e-04
3.488779725394028385e-04
3.087097235621654259e-04
2.678508703403615536e-04
2.314222702781524059e-04
1.944085596775797255e-04
1.567943096145985840e-04
1.185634926750413036e-04
7.969945098798779631e-05
4.018486202717934738e-05
1.701922233389064083e-09
1.683425551521707795e-09
1.664079552979742554e-09
1.644252783561691405e-09
1.623921735899847279e-09
1.603074204245592818e-09
1.582809158039233930e-09
1.562056220936762394e-09
1.540764196603700689e-09
1.518937379655303128e-09
1.497646824532723309e-09
1.475823850134816341e-09
1.453449808790083913e-09
1.431069212506279396e-09
1.408123535267978005e-09
1.384584862076027635e-09
1.363340756607907301e-09
1.341589208442648773e-09
1.319272805355275231e-09
1.296392451475313704e-09
1.274094922091820126e-09
1.251225191733803142e-09
1.227778061656481202e-09
