1.628269338911313702e-01
1.375810932715167967e-01
1.121900839900490804e-01
8.678092337633104558e-02
6.136946334139020687e-02
3.595771136370823351e-02
1.054592230843430338e-02
1.023569363539253776e-02
9.756365164326366232e-03
9.224475386946734412e-03
8.689898993220288720e-03
8.076330708652049856e-03
6.578994905292392600e-03
6.379801612114828491e-03
6.106248377325001857e-03
5.797075353630974821e-03
5.382082397537219128e-03
4.653572278197802385e-03
4.612920449543932849e-03
4.543017631909874142e-03
4.448620058514459255e-03
4.247705772111926535e-03
4.194762721526697213e-03
4.164096842331677442e-03
4.094846342149113805e-03
4.092667037964388063e-03
4.083335014750947428e-03
4.079308112997395534e-03
3.378498945916823346e-03
2.526690334745943910e-03
