1.090000000000000000e+02
3.590000000000000000e+02
1.017000000000000000e+03
1.988000000000000000e+03
3.113000000000000000e+03
4.692000000000000000e+03
6.494000000000000000e+03
7.763000000000000000e+03
1.001500000000000000e+04
1.254200000000000000e+04
1.560000000000000000e+04
1.907700000000000000e+04
2.316600000000000000e+04
2.707100000000000000e+04
3.245200000000000000e+04
3.841900000000000000e+04
4.553800000000000000e+04
5.376300000000000000e+04
6.105100000000000000e+04
6.983000000000000000e+04
8.006600000000000000e+04
9.054900000000000000e+04
1.022740000000000000e+05
1.163220000000000000e+05
1.334980000000000000e+05
1.471100000000000000e+05
1.653980000000000000e+05
1.841720000000000000e+05
2.039500000000000000e+05
2.339770000000000000e+05
