1.628269338911313702e-01
1.375810932715167967e-01
1.121900839900490804e-01
8.678092337633104558e-02
6.136946334139020687e-02
3.595771136370823351e-02
1.054592230843430338e-02
9.392739671214378125e-03
7.936330815772092359e-03
6.389851012957337671e-03
4.819057755459860322e-03
3.269755474547678554e-03
2.742534603535953450e-03
1.950618778922336236e-03
1.726584385307992952e-03
1.405466321273836274e-03
1.077994704265041121e-03
7.332437389486671890e-04
5.915059419576453297e-04
4.585083754475136769e-04
4.585083754460691401e-04
3.907626080479207264e-04
3.418826533266853987e-04
3.173314019303114224e-04
2.429004135908476817e-04
1.908875459785943024e-04
1.122267519952546060e-04
1.071961685053434218e-04
8.779115068359143203e-05
7.709799638648442543e-05
