1.090000000000000000e+02
3.590000000000000000e+02
1.017000000000000000e+03
1.988000000000000000e+03
3.113000000000000000e+03
4.692000000000000000e+03
6.494000000000000000e+03
7.800000000000000000e+03
9.794000000000000000e+03
1.259800000000000000e+04
1.635100000000000000e+04
2.112200000000000000e+04
2.581300000000000000e+04
3.059800000000000000e+04
3.808800000000000000e+04
5.449200000000000000e+04
7.171200000000000000e+04
9.001500000000000000e+04
1.091580000000000000e+05
1.259910000000000000e+05
1.265150000000000000e+05
1.487550000000000000e+05
1.718950000000000000e+05
1.960990000000000000e+05
2.211020000000000000e+05
2.478730000000000000e+05
2.750850000000000000e+05
3.034330000000000000e+05
3.332620000000000000e+05
3.636380000000000000e+05
