1.090000000000000000e+02
3.590000000000000000e+02
1.017000000000000000e+03
1.988000000000000000e+03
3.113000000000000000e+03
4.692000000000000000e+03
6.494000000000000000e+03
7.672000000000000000e+03
9.981000000000000000e+03
1.233600000000000000e+04
1.528300000000000000e+04
1.810700000000000000e+04
2.226500000000000000e+04
2.565200000000000000e+04
2.928100000000000000e+04
3.393100000000000000e+04
3.883600000000000000e+04
4.419100000000000000e+04
4.915200000000000000e+04
5.478500000000000000e+04
6.086600000000000000e+04
6.747600000000000000e+04
7.291800000000000000e+04
7.917500000000000000e+04
8.636900000000000000e+04
9.529300000000000000e+04
1.033880000000000000e+05
1.122380000000000000e+05
1.212000000000000000e+05
1.309350000000000000e+05
