1.628269338911313702e-01
1.375810932715167967e-01
1.121900839900490804e-01
8.678092337633104558e-02
6.136946334139020687e-02
3.595771136370823351e-02
1.054592230843430338e-02
9.392739671214197714e-03
7.975484706908970295e-03
6.487154855802881870e-03
4.982827067288513739e-03
3.501540048356312478e-03
2.237870150949105522e-03
2.027484465907698243e-03
1.738679147402357817e-03
1.429883003652244805e-03
1.130361633761837797e-03
8.937659201970567149e-04
8.343367955466769043e-04
7.477420944959796423e-04
6.580002581343183388e-04
5.897525067684513409e-04
5.342550787189762973e-04
4.568752468622926848e-04
3.754404546512499132e-04
3.025687623626873227e-04
2.562050243377036367e-04
2.346946985044246565e-04
2.032771253876803806e-04
1.783001720584638007e-04
