2.100000000000000000e+01
8.000000000000000000e+01
1.730000000000000000e+02
2.880000000000000000e+02
4.230000000000000000e+02
6.120000000000000000e+02
8.140000000000000000e+02
1.031000000000000000e+03
1.294000000000000000e+03
1.557000000000000000e+03
1.918000000000000000e+03
2.288000000000000000e+03
2.644000000000000000e+03
2.987000000000000000e+03
3.421000000000000000e+03
3.893000000000000000e+03
4.331000000000000000e+03
4.860000000000000000e+03
5.349000000000000000e+03
5.862000000000000000e+03
6.452000000000000000e+03
7.035000000000000000e+03
7.558000000000000000e+03
8.243000000000000000e+03
8.936000000000000000e+03
9.497000000000000000e+03
1.018000000000000000e+04
1.095000000000000000e+04
1.172800000000000000e+04
1.244100000000000000e+04
