4.317422065758154404e-02
3.938176141548433568e-02
3.503253971463644867e-02
3.197750156723162818e-02
2.862468353988071798e-02
2.483251131358534675e-02
2.225871677889439820e-02
1.948880729382073199e-02
1.645770175014184961e-02
1.306174927778908090e-02
1.083107669130403163e-02
8.459410004057634977e-03
5.909250571705055265e-03
3.128092102093956405e-03
3.510007592900211910e-05
3.367731281284877418e-05
3.247399218816488545e-05
3.074359761592822721e-05
2.874692750760811708e-05
2.641674260562656734e-05
2.516088960771234120e-05
2.353118622615627326e-05
2.166069142351839422e-05
1.949105616993051669e-05
1.717156247039330585e-05
1.449866043229226472e-05
1.138350909975077063e-05
8.253225358632441282e-06
4.601616164412565922e-06
2.862909773136734545e-07
