1.300000000000000000e+01
3.900000000000000000e+01
8.800000000000000000e+01
2.230000000000000000e+02
3.280000000000000000e+02
4.180000000000000000e+02
5.460000000000000000e+02
7.080000000000000000e+02
8.850000000000000000e+02
1.308000000000000000e+03
1.517000000000000000e+03
1.744000000000000000e+03
2.200000000000000000e+03
2.610000000000000000e+03
2.855000000000000000e+03
3.488000000000000000e+03
3.703000000000000000e+03
4.240000000000000000e+03
4.941000000000000000e+03
5.722000000000000000e+03
6.526000000000000000e+03
7.077000000000000000e+03
7.676000000000000000e+03
8.363000000000000000e+03
8.935000000000000000e+03
9.930000000000000000e+03
1.099700000000000000e+04
1.223900000000000000e+04
1.307500000000000000e+04
1.431700000000000000e+04
