1.300000000000000000e+01
3.900000000000000000e+01
8.800000000000000000e+01
2.230000000000000000e+02
3.280000000000000000e+02
4.180000000000000000e+02
5.460000000000000000e+02
7.080000000000000000e+02
8.850000000000000000e+02
1.308000000000000000e+03
1.517000000000000000e+03
1.744000000000000000e+03
2.200000000000000000e+03
2.610000000000000000e+03
2.855000000000000000e+03
3.633000000000000000e+03
4.229000000000000000e+03
5.373000000000000000e+03
6.240000000000000000e+03
7.506000000000000000e+03
9.908000000000000000e+03
1.138000000000000000e+04
1.395500000000000000e+04
1.672600000000000000e+04
1.953000000000000000e+04
2.245400000000000000e+04
2.541600000000000000e+04
2.850300000000000000e+04
3.169100000000000000e+04
3.496100000000000000e+04
