4.317422065758154404e-02
3.938176141548433568e-02
3.503253971463644867e-02
3.197750156723162818e-02
2.862468353988071798e-02
2.483251131358534675e-02
2.225871677889439820e-02
1.948880729382073199e-02
1.645770175014184961e-02
1.306174927778908090e-02
1.083107669130403163e-02
8.459410004057634977e-03
5.909250571705055265e-03
3.128092102093956405e-03
3.510007592900211910e-05
2.419602716151184659e-05
2.060452475858359306e-05
2.053956537897059750e-05
1.307912747467485676e-05
1.201098866559265173e-05
1.171017699140370373e-05
6.666683820950166215e-06
4.545558469448433806e-06
3.550121164883134989e-06
1.912973045598160788e-06
1.912970619456637558e-06
1.113326858749288113e-06
7.826655521789637860e-07
4.561775300236547576e-07
4.395703815264353347e-07
