1.300000000000000000e+01
3.900000000000000000e+01
8.800000000000000000e+01
2.230000000000000000e+02
3.110000000000000000e+02
4.380000000000000000e+02
5.790000000000000000e+02
8.650000000000000000e+02
1.155000000000000000e+03
1.554000000000000000e+03
1.958000000000000000e+03
2.323000000000000000e+03
2.578000000000000000e+03
2.851000000000000000e+03
3.255000000000000000e+03
3.676000000000000000e+03
4.152000000000000000e+03
4.415000000000000000e+03
4.831000000000000000e+03
5.426000000000000000e+03
6.096000000000000000e+03
7.016000000000000000e+03
7.741000000000000000e+03
8.197000000000000000e+03
9.417000000000000000e+03
1.051600000000000000e+04
1.130600000000000000e+04
1.221800000000000000e+04
1.294600000000000000e+04
1.469200000000000000e+04
