4.317422065758154404e-02
3.938176141548433568e-02
3.503253971463644867e-02
3.197750156723162818e-02
2.862468353988054798e-02
2.483251131358551675e-02
2.225871677889422820e-02
1.948880729381447657e-02
1.645770175014252615e-02
1.306174927779077052e-02
1.083107669130436990e-02
8.459410004057634977e-03
5.909250571705224400e-03
3.128092102099703543e-03
3.510007592731178016e-05
3.439354168294259486e-05
3.329529838015481136e-05
3.204225779446667093e-05
3.059899021853450946e-05
2.891827313621823267e-05
2.710879557348309793e-05
2.504723466643324025e-05
2.267643583773883861e-05
1.992034422933284236e-05
1.753220359931416332e-05
1.478400685167286583e-05
1.158636877783695777e-05
8.369410481205462324e-06
4.622445843281679488e-06
2.023594433026122725e-07
