2.100000000000000000e+01
5.400000000000000000e+01
1.480000000000000000e+02
2.310000000000000000e+02
3.510000000000000000e+02
4.230000000000000000e+02
5.960000000000000000e+02
7.450000000000000000e+02
8.530000000000000000e+02
1.061000000000000000e+03
1.197000000000000000e+03
1.577000000000000000e+03
1.807000000000000000e+03
1.992000000000000000e+03
2.428000000000000000e+03
2.732000000000000000e+03
3.292000000000000000e+03
3.598000000000000000e+03
4.027000000000000000e+03
4.236000000000000000e+03
4.605000000000000000e+03
4.844000000000000000e+03
5.183000000000000000e+03
5.619000000000000000e+03
5.949000000000000000e+03
6.936000000000000000e+03
7.259000000000000000e+03
7.679000000000000000e+03
8.916000000000000000e+03
9.706000000000000000e+03
