1.577338210751447938e-04
1.462573383770148904e-04
1.346860036528780939e-04
1.233958768977808085e-04
1.120136168203942267e-04
1.005380465011446151e-04
8.942826675655107783e-05
7.822895267139653346e-05
6.693897526484150252e-05
5.555718559914788406e-05
4.462203200521736539e-05
3.359983041782347554e-05
2.248949714271694097e-05
1.128992956722023397e-05
5.734720390068108071e-12
5.364285869764416452e-12
4.994746839840186132e-12
4.618491632069998496e-12
4.241788679110079402e-12
3.852101115647977135e-12
3.492412479897817463e-12
3.122574953180433242e-12
2.744827261444476909e-12
2.372900257175016998e-12
1.980675470971108391e-12
1.587704442784315436e-12
1.199509363287981057e-12
8.104187934121857835e-13
4.092391034136673215e-13
5.372942276765872710e-15
