2.100000000000000000e+01
5.400000000000000000e+01
1.480000000000000000e+02
2.310000000000000000e+02
3.510000000000000000e+02
4.230000000000000000e+02
5.960000000000000000e+02
7.450000000000000000e+02
8.530000000000000000e+02
1.061000000000000000e+03
1.197000000000000000e+03
1.577000000000000000e+03
1.807000000000000000e+03
1.992000000000000000e+03
2.428000000000000000e+03
2.577000000000000000e+03
2.607000000000000000e+03
2.972000000000000000e+03
3.004000000000000000e+03
3.187000000000000000e+03
3.556000000000000000e+03
3.591000000000000000e+03
3.891000000000000000e+03
4.268000000000000000e+03
4.613000000000000000e+03
4.687000000000000000e+03
4.870000000000000000e+03
5.025000000000000000e+03
5.143000000000000000e+03
5.504000000000000000e+03
