1.577338210751447938e-04
1.462573383770148904e-04
1.346860036528780939e-04
1.233958768977808085e-04
1.120136168203942267e-04
1.005380465011446151e-04
8.942826675655107783e-05
7.822895267139653346e-05
6.693897526484150252e-05
5.555718559914788406e-05
4.462203200521736539e-05
3.359983041782347554e-05
2.248949714271694097e-05
1.128992956722023397e-05
5.734720390068108071e-12
5.732630912516032785e-12
5.732630912516032785e-12
5.732630912516032785e-12
5.732630912516032785e-12
5.732780160912609130e-12
5.730690683360533844e-12
5.730690683360533844e-12
5.730690683360533844e-12
5.730839931757110996e-12
5.730839931757110996e-12
5.730392186567380347e-12
5.731138428550264493e-12
5.731138428550264493e-12
5.731287676946840837e-12
5.730989180153687341e-12
