2.100000000000000000e+01
5.400000000000000000e+01
1.480000000000000000e+02
2.310000000000000000e+02
4.040000000000000000e+02
5.030000000000000000e+02
6.020000000000000000e+02
8.260000000000000000e+02
9.550000000000000000e+02
1.291000000000000000e+03
1.426000000000000000e+03
1.631000000000000000e+03
2.009000000000000000e+03
2.138000000000000000e+03
2.436000000000000000e+03
2.659000000000000000e+03
3.206000000000000000e+03
3.365000000000000000e+03
3.651000000000000000e+03
3.894000000000000000e+03
4.278000000000000000e+03
4.564000000000000000e+03
5.533000000000000000e+03
6.002000000000000000e+03
6.603000000000000000e+03
7.246000000000000000e+03
7.696000000000000000e+03
8.259000000000000000e+03
8.794000000000000000e+03
9.789000000000000000e+03
