1.577338210751447938e-04
1.462573383770148904e-04
1.346860036528780939e-04
1.233958768977808085e-04
1.120136168200957323e-04
1.005380465011446151e-04
8.942826675893904666e-05
7.822895267005330183e-05
6.693897526469226209e-05
5.555718559825239405e-05
4.462203200268014257e-05
3.359983041692798553e-05
2.248949714122445875e-05
1.128992956587699726e-05
5.735168135257838721e-12
5.374584009128218154e-12
5.009373182704715559e-12
4.638490917211293290e-12
4.263280448217143297e-12
3.887622234033262655e-12
3.509277548710998925e-12
3.131231360181889095e-12
2.748110726169166991e-12
2.359020156293371717e-12
1.975601025487496116e-12
1.590540162319275071e-12
1.204285311978439633e-12
8.060905899114577559e-13
4.074481226547453303e-13
8.954903794609787323e-15
