7.094467577430706440e-01
5.945624716962617518e-01
4.772202857062617376e-01
3.594370740209572035e-01
2.415772406703952657e-01
1.237042223925303719e-01
5.828940497488197675e-03
4.890710037489537886e-03
3.909626445599291220e-03
2.940143051626118841e-03
1.972298548067763849e-03
1.037742384816141327e-03
1.037729189645168098e-03
1.034331428001098417e-03
1.009593048782435809e-03
1.005860523898586536e-03
1.005860480936070179e-03
1.005859714976258543e-03
1.005856695144799430e-03
1.000451788422131042e-03
1.000451767924751857e-03
1.000450863466585292e-03
1.000448609501801813e-03
1.000448388494476959e-03
1.000447441346335575e-03
1.000447440492864201e-03
1.000433735437605137e-03
1.000433645657127597e-03
5.010714037702776436e-05
2.097402112708287406e-05
