2.100000000000000000e+01
5.900000000000000000e+01
1.120000000000000000e+02
1.820000000000000000e+02
2.710000000000000000e+02
3.910000000000000000e+02
5.310000000000000000e+02
6.750000000000000000e+02
7.910000000000000000e+02
9.380000000000000000e+02
1.156000000000000000e+03
1.377000000000000000e+03
1.561000000000000000e+03
1.891000000000000000e+03
2.264000000000000000e+03
2.725000000000000000e+03
2.974000000000000000e+03
3.446000000000000000e+03
3.917000000000000000e+03
4.680000000000000000e+03
5.125000000000000000e+03
5.620000000000000000e+03
6.329000000000000000e+03
7.415000000000000000e+03
8.228000000000000000e+03
9.246000000000000000e+03
1.017800000000000000e+04
1.101800000000000000e+04
1.217000000000000000e+04
1.320300000000000000e+04
