7.094467577430706440e-01
5.945624716962617518e-01
4.772202857062617376e-01
3.594370740209572035e-01
2.415772406703952657e-01
1.237042223925303719e-01
5.828940497488197675e-03
4.890710037489537886e-03
3.909626445599291220e-03
2.940143051626118841e-03
1.972298548067763849e-03
1.037742384816141327e-03
1.037729189645168098e-03
1.034331428001098417e-03
1.009593048782435809e-03
1.005860523898586536e-03
1.005860480936070179e-03
1.005859714976258543e-03
1.005856695144799430e-03
1.000451788422131042e-03
1.000451767924751857e-03
1.000450863466585292e-03
9.996110224280891927e-04
9.984994377562365561e-04
9.962607783158537213e-04
9.935903157794476540e-04
9.935900306415111714e-04
9.935886568616376750e-04
9.935529563118322173e-04
9.935529511972030110e-04
