7.094467577430706440e-01
5.945624716962617518e-01
4.772202857062617376e-01
3.594370740209572035e-01
2.415772406703952657e-01
1.237042223925303719e-01
5.828940497488197675e-03
4.883031976328088171e-03
3.914660143728262293e-03
2.945617813494157220e-03
1.976586201158481593e-03
1.008531843406994212e-03
7.366955156930317275e-05
7.366955156896814072e-05
5.940365438168676386e-05
4.474845447836904089e-05
3.008606066029051435e-05
1.543402773825369186e-05
1.129232702981638091e-06
1.129223204911120332e-06
1.129223159850522267e-06
8.557261058894585572e-07
5.793780648754398471e-07
4.308837117430687779e-07
3.029712650090934301e-07
2.753117248170194484e-07
1.968145634705581776e-07
1.937817835388584734e-07
5.042755530626774487e-08
1.299782448255974907e-08
