2.100000000000000000e+01
5.900000000000000000e+01
1.120000000000000000e+02
1.820000000000000000e+02
2.710000000000000000e+02
3.910000000000000000e+02
5.310000000000000000e+02
6.570000000000000000e+02
7.910000000000000000e+02
9.560000000000000000e+02
1.197000000000000000e+03
1.472000000000000000e+03
1.723000000000000000e+03
1.744000000000000000e+03
2.062000000000000000e+03
3.073000000000000000e+03
4.547000000000000000e+03
6.149000000000000000e+03
8.315000000000000000e+03
8.649000000000000000e+03
8.808000000000000000e+03
9.687000000000000000e+03
1.211500000000000000e+04
1.322100000000000000e+04
1.480200000000000000e+04
1.767600000000000000e+04
2.065500000000000000e+04
2.177700000000000000e+04
2.495000000000000000e+04
2.798600000000000000e+04
