7.094467577430706440e-01
5.945624716962617518e-01
4.772202857062617376e-01
3.594370740209572035e-01
2.415772406703952657e-01
1.237042223925303719e-01
5.828940497488197675e-03
4.883031976327418568e-03
4.588353579144700822e-03
3.902255996447441793e-03
3.804493326574645302e-03
2.922681732383228606e-03
2.661635944074473847e-03
2.661546935056041587e-03
2.660763749301117264e-03
1.973935368820501496e-03
1.973666641877762969e-03
1.973621262638482199e-03
1.973621206069340033e-03
1.973613657252283778e-03
1.513020361312139399e-03
1.411399981011824322e-03
1.411396973162799134e-03
1.411370620344772628e-03
9.416415099732229448e-04
4.545164097614107527e-04
4.626178311111159156e-05
4.626089691287310141e-05
4.626044635446600992e-05
4.624512962852280222e-05
