2.100000000000000000e+01
5.900000000000000000e+01
1.120000000000000000e+02
1.820000000000000000e+02
2.710000000000000000e+02
3.910000000000000000e+02
5.310000000000000000e+02
6.790000000000000000e+02
8.820000000000000000e+02
1.209000000000000000e+03
1.555000000000000000e+03
2.023000000000000000e+03
2.452000000000000000e+03
2.928000000000000000e+03
3.413000000000000000e+03
4.174000000000000000e+03
4.595000000000000000e+03
5.204000000000000000e+03
5.671000000000000000e+03
6.252000000000000000e+03
7.127000000000000000e+03
7.801000000000000000e+03
8.400000000000000000e+03
9.394000000000000000e+03
1.121400000000000000e+04
1.216200000000000000e+04
1.314500000000000000e+04
1.380200000000000000e+04
1.454300000000000000e+04
1.527200000000000000e+04
