8.113987987688369152e-01
8.113987987688369152e-01
8.113987987688369152e-01
8.113987987688369152e-01
8.113987987688369152e-01
8.113987987688369152e-01
8.113987987688369152e-01
8.113987987688369152e-01
8.113987987688369152e-01
8.113987987688369152e-01
8.113987987688369152e-01
8.113987987688369152e-01
8.113987987688369152e-01
8.113987987688369152e-01
8.113987987688369152e-01
8.113987987688369152e-01
8.113987987688369152e-01
8.113987987688369152e-01
8.113987987688369152e-01
8.113987987688366932e-01
8.113987987688366932e-01
8.113987987688366932e-01
8.113987987688366932e-01
8.113987987688366932e-01
8.113987987688366932e-01
8.113987987688366932e-01
8.113987987688366932e-01
8.113987987688366932e-01
8.113987987688366932e-01
8.113987987688366932e-01
