3.000000000000000000e+00
7.000000000000000000e+00
1.200000000000000000e+01
1.800000000000000000e+01
3.600000000000000000e+01
5.500000000000000000e+01
7.500000000000000000e+01
8.800000000000000000e+01
1.100000000000000000e+02
1.330000000000000000e+02
1.570000000000000000e+02
1.820000000000000000e+02
2.080000000000000000e+02
2.350000000000000000e+02
2.630000000000000000e+02
2.920000000000000000e+02
3.220000000000000000e+02
3.530000000000000000e+02
3.780000000000000000e+02
4.070000000000000000e+02
4.410000000000000000e+02
4.760000000000000000e+02
5.120000000000000000e+02
5.490000000000000000e+02
5.870000000000000000e+02
6.260000000000000000e+02
6.660000000000000000e+02
7.070000000000000000e+02
7.490000000000000000e+02
7.920000000000000000e+02
