2.700000000000000000e+01
1.080000000000000000e+02
1.770000000000000000e+02
2.710000000000000000e+02
3.290000000000000000e+02
4.560000000000000000e+02
5.710000000000000000e+02
8.190000000000000000e+02
1.119000000000000000e+03
1.329000000000000000e+03
1.511000000000000000e+03
1.864000000000000000e+03
2.148000000000000000e+03
2.494000000000000000e+03
2.945000000000000000e+03
3.304000000000000000e+03
3.599000000000000000e+03
4.086000000000000000e+03
4.876000000000000000e+03
5.383000000000000000e+03
6.558000000000000000e+03
7.255000000000000000e+03
8.324000000000000000e+03
9.349000000000000000e+03
9.822000000000000000e+03
1.080800000000000000e+04
1.169900000000000000e+04
1.279000000000000000e+04
1.338700000000000000e+04
1.395200000000000000e+04
1.559600000000000000e+04
1.673900000000000000e+04
1.740500000000000000e+04
1.865600000000000000e+04
1.981600000000000000e+04
