1.204140285556631104e-03
1.139999800390872984e-03
1.074513218973866631e-03
1.012943349091897406e-03
9.501240732830118193e-04
8.860127946765752362e-04
8.268111464314801097e-04
7.664462633089827448e-04
7.048798577163690104e-04
6.420717543295179292e-04
5.850593174373834235e-04
5.269608138249980969e-04
4.677416804328727315e-04
4.073657108008303857e-04
3.457949460919720885e-04
2.908125771262667458e-04
2.348135536530755101e-04
1.777665509970513080e-04
1.196388058890628889e-04
6.039602448512129652e-05
2.282764062228826141e-09
2.224245343777608922e-09
2.167514062387616292e-09
2.106776425292329905e-09
2.044274789961297098e-09
1.979922523387638769e-09
1.924730305206561314e-09
1.865760939724041822e-09
1.805080798974128311e-09
1.742618918999018063e-09
1.679457759147749465e-09
1.614462155088025470e-09
1.547553632078188239e-09
1.480637339291949429e-09
1.411753739120784891e-09
