1.204140285556631104e-03
1.139999800390872984e-03
1.074513218973866631e-03
1.012943349091897406e-03
9.501240732830118193e-04
8.860127946765752362e-04
8.268111464314801097e-04
7.664462633089827448e-04
7.048798577163690104e-04
6.420717543295179292e-04
5.850593174373834235e-04
5.269608138249980969e-04
4.677416804328727315e-04
4.073657108008303857e-04
3.457949460919720885e-04
2.908125771262667458e-04
2.348135536530755101e-04
1.777665509970513080e-04
1.196388058890628889e-04
6.039602448512129652e-05
2.282764062228826141e-09
2.282760436333172017e-09
2.282755515474784364e-09
2.282732983123219416e-09
2.282727414783464587e-09
2.282695429203944227e-09
2.282577199106363829e-09
2.282375443912465124e-09
2.282313415197524282e-09
2.282313674190071153e-09
2.282313674190071153e-09
2.282309530309323286e-09
2.281981645745169170e-09
2.281960796845157642e-09
2.281914566675567240e-09
