2.700000000000000000e+01
1.080000000000000000e+02
1.770000000000000000e+02
2.710000000000000000e+02
3.290000000000000000e+02
4.560000000000000000e+02
5.710000000000000000e+02
8.190000000000000000e+02
1.119000000000000000e+03
1.329000000000000000e+03
1.511000000000000000e+03
1.864000000000000000e+03
2.148000000000000000e+03
2.494000000000000000e+03
2.945000000000000000e+03
3.304000000000000000e+03
3.599000000000000000e+03
4.086000000000000000e+03
4.876000000000000000e+03
5.383000000000000000e+03
6.558000000000000000e+03
6.806000000000000000e+03
7.172000000000000000e+03
7.891000000000000000e+03
8.284000000000000000e+03
9.275000000000000000e+03
1.006100000000000000e+04
1.114700000000000000e+04
1.267000000000000000e+04
1.295200000000000000e+04
1.299600000000000000e+04
1.328100000000000000e+04
1.581800000000000000e+04
1.696900000000000000e+04
1.797700000000000000e+04
