2.700000000000000000e+01
1.080000000000000000e+02
1.590000000000000000e+02
2.230000000000000000e+02
3.310000000000000000e+02
4.700000000000000000e+02
6.030000000000000000e+02
8.610000000000000000e+02
1.012000000000000000e+03
1.309000000000000000e+03
1.743000000000000000e+03
1.983000000000000000e+03
2.316000000000000000e+03
2.747000000000000000e+03
3.067000000000000000e+03
3.565000000000000000e+03
4.065000000000000000e+03
4.519000000000000000e+03
5.206000000000000000e+03
6.404000000000000000e+03
6.765000000000000000e+03
7.569000000000000000e+03
8.133000000000000000e+03
9.169000000000000000e+03
1.035700000000000000e+04
1.139000000000000000e+04
1.224800000000000000e+04
1.323000000000000000e+04
1.426200000000000000e+04
1.456900000000000000e+04
1.507700000000000000e+04
1.612100000000000000e+04
1.718200000000000000e+04
1.854200000000000000e+04
1.893400000000000000e+04
