1.204140285556631104e-03
1.139999800390872984e-03
1.074513218973736960e-03
1.012943349091767952e-03
9.501240732828823655e-04
8.860127946767046899e-04
8.268111464312210938e-04
7.664462633088531826e-04
7.048798577168869338e-04
6.420717543293883670e-04
5.850593174381603628e-04
5.269608138274585853e-04
4.677416804374050761e-04
4.073657108013483633e-04
3.457949460904181016e-04
2.908125771243242892e-04
2.348135536569603962e-04
1.777665510005476974e-04
1.196388058724873622e-04
6.039602448149539919e-05
2.282762767266092614e-09
2.231304444631154156e-09
2.177067779451219684e-09
2.121271202162358509e-09
2.063857604908017854e-09
2.004753174812381280e-09
1.947514915512173799e-09
1.888632701021627566e-09
1.828046833558721921e-09
1.765676636945152485e-09
1.705081316254291636e-09
1.642722644809051337e-09
1.578527845703802015e-09
1.514330456673085432e-09
1.448249026361215589e-09
