6.596396325469523481e-01
4.989921995276596633e-01
3.349077836965410615e-01
1.702066634554085522e-01
5.398399981194393869e-03
4.028792373825012402e-03
2.675489592851654566e-03
1.350591853067708214e-03
4.344136399217399361e-05
2.349979676570438148e-05
1.858742129256797695e-05
1.940224231153966265e-08
1.878181777649849568e-08
1.786375980269973873e-08
6.553276870574854391e-09
6.518448920751684367e-09
7.144266908832500248e-15
7.378505168138484044e-15
6.910028649526516453e-15
7.378505168138484044e-15
6.675790390220532657e-15
5.973075612302582058e-15
6.441552130914549650e-15
6.324433001261557752e-15
6.675790390220532657e-15
6.207313871608565854e-15
6.207313871608565854e-15
5.973075612302582058e-15
6.207313871608565854e-15
5.855956482649590161e-15
