2.100000000000000000e+01
7.400000000000000000e+01
1.270000000000000000e+02
2.880000000000000000e+02
4.180000000000000000e+02
6.420000000000000000e+02
7.790000000000000000e+02
1.010000000000000000e+03
1.259000000000000000e+03
1.624000000000000000e+03
2.075000000000000000e+03
2.845000000000000000e+03
3.191000000000000000e+03
4.418000000000000000e+03
6.179000000000000000e+03
6.933000000000000000e+03
8.160000000000000000e+03
8.602000000000000000e+03
8.978000000000000000e+03
9.442000000000000000e+03
1.044400000000000000e+04
1.120600000000000000e+04
1.143500000000000000e+04
1.180200000000000000e+04
1.221700000000000000e+04
1.323700000000000000e+04
1.352100000000000000e+04
1.438700000000000000e+04
1.508300000000000000e+04
1.616700000000000000e+04
