6.596396325469521260e-01
4.989921995276592748e-01
3.349077836965403399e-01
1.702066634554083024e-01
6.859297439662133400e-03
5.330428059516918206e-03
4.018997244879972917e-03
2.651712610491734502e-03
1.449030995401230214e-03
1.407844055268437288e-03
1.407712606268004098e-03
1.407690704221754765e-03
1.407690614608755452e-03
1.407621407058002498e-03
1.407584919097942637e-03
1.407575087622668555e-03
1.394815931561363409e-03
1.351183632084605301e-03
1.351140357447988549e-03
1.348308108548410380e-03
1.339235385825044908e-03
1.338837717631846148e-03
1.338782596482050117e-03
1.326347374366783956e-03
1.326298879961400464e-03
1.326233645988657761e-03
1.321591821196501640e-03
1.200246691546684365e-03
4.926284528442250670e-06
6.943504031513023718e-07
6.015571445239441517e-08
