2.600000000000000000e+01
1.160000000000000000e+02
2.090000000000000000e+02
3.020000000000000000e+02
4.110000000000000000e+02
7.200000000000000000e+02
9.130000000000000000e+02
1.103000000000000000e+03
1.430000000000000000e+03
1.770000000000000000e+03
2.322000000000000000e+03
2.772000000000000000e+03
3.477000000000000000e+03
4.115000000000000000e+03
5.039000000000000000e+03
6.534000000000000000e+03
7.468000000000000000e+03
9.338000000000000000e+03
1.161800000000000000e+04
1.322400000000000000e+04
1.558000000000000000e+04
1.820300000000000000e+04
2.006500000000000000e+04
2.271200000000000000e+04
2.553200000000000000e+04
2.842100000000000000e+04
3.137700000000000000e+04
3.443900000000000000e+04
3.761100000000000000e+04
4.028700000000000000e+04
4.365300000000000000e+04
