2.600000000000000000e+01
1.160000000000000000e+02
2.090000000000000000e+02
3.020000000000000000e+02
4.110000000000000000e+02
7.200000000000000000e+02
8.980000000000000000e+02
1.086000000000000000e+03
1.315000000000000000e+03
1.654000000000000000e+03
1.963000000000000000e+03
2.195000000000000000e+03
2.598000000000000000e+03
3.486000000000000000e+03
5.200000000000000000e+03
5.588000000000000000e+03
6.083000000000000000e+03
6.544000000000000000e+03
7.844000000000000000e+03
1.010600000000000000e+04
1.251000000000000000e+04
1.324800000000000000e+04
1.447300000000000000e+04
1.507700000000000000e+04
1.511500000000000000e+04
1.648100000000000000e+04
1.742000000000000000e+04
1.839700000000000000e+04
1.952000000000000000e+04
1.963900000000000000e+04
2.040700000000000000e+04
