6.596396325469521260e-01
4.989921995276592748e-01
3.349077836965403399e-01
1.702066634554083024e-01
6.859297439662133400e-03
5.330428059516918206e-03
4.003600637810918184e-03
2.649683095160944128e-03
1.299263768363309981e-03
6.114048750267475824e-05
6.114048750255763730e-05
6.114048750255763730e-05
4.120117296721191770e-05
2.071828381078459375e-05
7.651883700107891365e-07
7.651867071533862887e-07
7.651867070362672548e-07
7.651867066849098356e-07
3.776425589047975240e-07
7.846764430764949734e-09
3.380554666895074374e-10
1.065432722453267195e-12
2.026160942996759597e-14
2.037872855962058865e-14
2.037872855962058865e-14
1.932465639274366078e-14
1.909041813343767856e-14
1.955889465204964616e-14
1.955889465204964616e-14
1.909041813343767856e-14
1.862194161482571097e-14
