6.596396325469521260e-01
4.989921995276592748e-01
3.349077836965403399e-01
1.702066634554083024e-01
6.859297439662133400e-03
5.330428059516918206e-03
4.003600637812089122e-03
3.596879898340311302e-03
3.565978458086290718e-03
2.634324376658773136e-03
2.259878772893714628e-03
2.050524856801558271e-03
1.404604005787143603e-03
1.391651621875791139e-03
1.389291345751714332e-03
1.389231062658730738e-03
1.389230984484171247e-03
1.379983429120395892e-03
1.356036487824875464e-03
1.015694808910151681e-03
1.015693491730445663e-03
1.014759805542078848e-03
1.013224655118271115e-03
1.006536707426377826e-03
1.005143624471512486e-03
1.819240286275772527e-05
1.643756944478384988e-05
3.795420204670310250e-06
3.011609052012225129e-06
2.357458883612248874e-06
2.067035519245653735e-12
