2.600000000000000000e+01
1.160000000000000000e+02
2.090000000000000000e+02
3.020000000000000000e+02
4.110000000000000000e+02
7.200000000000000000e+02
9.300000000000000000e+02
1.212000000000000000e+03
1.543000000000000000e+03
2.070000000000000000e+03
2.532000000000000000e+03
3.173000000000000000e+03
3.842000000000000000e+03
4.904000000000000000e+03
5.865000000000000000e+03
6.566000000000000000e+03
6.974000000000000000e+03
7.791000000000000000e+03
9.952000000000000000e+03
1.172700000000000000e+04
1.315300000000000000e+04
1.530600000000000000e+04
1.742600000000000000e+04
1.893500000000000000e+04
2.143200000000000000e+04
2.434700000000000000e+04
2.732900000000000000e+04
2.981200000000000000e+04
3.310800000000000000e+04
3.639200000000000000e+04
3.890000000000000000e+04
