1.453026920183826121e-01
1.112621860701404342e-01
7.702594036532760258e-02
4.276522011269662249e-02
8.501399409302090246e-03
6.683837310990287973e-03
4.700576937608044736e-03
2.712494283943300919e-03
9.375189891792410453e-04
9.019329987771669121e-04
6.314947233452395227e-04
5.034867455671450604e-04
6.084219010030970328e-06
4.817310112878578007e-06
8.034255666587771613e-15
8.034255666587771613e-15
7.303868787807064816e-15
6.573481909026358019e-15
6.573481909026358019e-15
6.330019616099456279e-15
7.060406494880162287e-15
6.330019616099456279e-15
6.330019616099456279e-15
5.843095030245652010e-15
6.208288469636004620e-15
5.112708151464945213e-15
5.356170444391847742e-15
5.599632737318749482e-15
4.504052419147690075e-15
5.356170444391847742e-15
