2.500000000000000000e+01
8.800000000000000000e+01
1.390000000000000000e+02
2.600000000000000000e+02
4.130000000000000000e+02
6.570000000000000000e+02
9.390000000000000000e+02
1.106000000000000000e+03
1.372000000000000000e+03
1.834000000000000000e+03
2.270000000000000000e+03
2.932000000000000000e+03
3.755000000000000000e+03
4.683000000000000000e+03
5.868000000000000000e+03
6.351000000000000000e+03
6.821000000000000000e+03
6.978000000000000000e+03
7.349000000000000000e+03
7.826000000000000000e+03
8.528000000000000000e+03
9.238000000000000000e+03
9.780000000000000000e+03
1.045200000000000000e+04
1.086800000000000000e+04
1.114300000000000000e+04
1.254000000000000000e+04
1.311000000000000000e+04
1.420500000000000000e+04
1.540000000000000000e+04
