1.453026920183826121e-01
1.112621860701404342e-01
7.702594036532760258e-02
4.276522011269662249e-02
4.265435306357706624e-02
8.483987823204950512e-03
8.065880713500480151e-03
7.410207135375057770e-03
7.236874301482481252e-03
6.462069547702549085e-03
6.281954614898537653e-03
4.415443101281068400e-03
3.821155274282069837e-03
3.027305633333407953e-03
2.366399652694540275e-03
2.109165860133576861e-03
1.719817468436290412e-03
1.715238945319724848e-03
1.715238008929053032e-03
1.365819551386666681e-03
8.476207585821790525e-04
7.201578316357383795e-04
5.193137886831127210e-04
5.169682867851216118e-04
3.471710211024618600e-04
3.467622875267524322e-04
1.302919263138420814e-04
1.261154209077545269e-04
2.216800481261845546e-05
1.968366146451523582e-05
