2.500000000000000000e+01
8.800000000000000000e+01
1.390000000000000000e+02
2.600000000000000000e+02
3.530000000000000000e+02
5.960000000000000000e+02
7.620000000000000000e+02
1.152000000000000000e+03
1.375000000000000000e+03
1.765000000000000000e+03
2.113000000000000000e+03
2.393000000000000000e+03
3.061000000000000000e+03
3.572000000000000000e+03
4.197000000000000000e+03
5.088000000000000000e+03
5.711000000000000000e+03
6.484000000000000000e+03
7.284000000000000000e+03
8.333000000000000000e+03
9.220000000000000000e+03
1.013800000000000000e+04
1.148400000000000000e+04
1.289200000000000000e+04
1.407900000000000000e+04
1.531900000000000000e+04
1.698100000000000000e+04
1.841400000000000000e+04
2.070800000000000000e+04
2.187000000000000000e+04
