2.500000000000000000e+01
8.800000000000000000e+01
1.390000000000000000e+02
2.600000000000000000e+02
3.530000000000000000e+02
5.960000000000000000e+02
8.340000000000000000e+02
1.155000000000000000e+03
1.331000000000000000e+03
1.572000000000000000e+03
1.770000000000000000e+03
1.920000000000000000e+03
2.241000000000000000e+03
3.243000000000000000e+03
4.628000000000000000e+03
5.124000000000000000e+03
5.509000000000000000e+03
5.911000000000000000e+03
7.008000000000000000e+03
8.814000000000000000e+03
9.853000000000000000e+03
1.085000000000000000e+04
1.095100000000000000e+04
1.171100000000000000e+04
1.290000000000000000e+04
1.429300000000000000e+04
1.541800000000000000e+04
1.553200000000000000e+04
1.669200000000000000e+04
1.799200000000000000e+04
