1.453026920183826121e-01
1.112621860701404342e-01
7.702594036532760258e-02
4.276522011269662249e-02
4.265435306357706624e-02
8.483987823204950512e-03
6.912566636626259718e-03
4.927900542685215157e-03
2.840523521324903999e-03
1.150845560017427780e-03
1.150845560016940756e-03
1.150845560016819109e-03
8.521095252263779975e-04
4.417226952969464525e-04
1.541689734118444478e-04
1.541689734090446312e-04
1.541689734062448146e-04
1.541689734047840420e-04
6.095609184441869128e-05
2.847778440365974548e-12
2.840718033871094145e-12
2.835605325719629360e-12
2.835361863426702407e-12
2.834388014254995002e-12
2.788860565477664226e-12
2.766948959114242968e-12
2.765488185356681659e-12
2.765001260770827754e-12
2.758549510008264934e-12
2.749054480584115816e-12
