2.500000000000000000e+01
8.800000000000000000e+01
1.390000000000000000e+02
2.600000000000000000e+02
3.530000000000000000e+02
5.960000000000000000e+02
8.490000000000000000e+02
1.090000000000000000e+03
1.374000000000000000e+03
1.796000000000000000e+03
2.122000000000000000e+03
2.555000000000000000e+03
3.141000000000000000e+03
3.509000000000000000e+03
3.899000000000000000e+03
4.374000000000000000e+03
5.153000000000000000e+03
5.959000000000000000e+03
6.634000000000000000e+03
7.579000000000000000e+03
8.417000000000000000e+03
9.634000000000000000e+03
1.067300000000000000e+04
1.222000000000000000e+04
1.298600000000000000e+04
1.383700000000000000e+04
1.488000000000000000e+04
1.609200000000000000e+04
1.674300000000000000e+04
1.800700000000000000e+04
