1.453026920183826121e-01
1.112621860701404342e-01
7.702594036532760258e-02
4.276522011269662249e-02
4.265435306357706624e-02
8.483987823204950512e-03
6.912566636625164240e-03
4.982194029044297034e-03
4.656320670801521351e-03
2.857394405995437869e-03
2.620979214099071648e-03
1.172649166220421108e-03
8.061546038303219050e-04
4.667036274099881739e-04
2.672057578075598275e-04
1.975720990681573488e-04
1.129284765460591787e-04
1.111596063426043376e-04
1.101380306092741840e-04
9.271186224850646836e-05
4.567114278761314427e-05
3.374760932878851673e-05
2.002090478044209784e-05
1.970842074231734441e-05
1.117897514820018532e-05
1.048335437820868242e-05
2.428268485150502119e-06
1.210544419855460053e-06
8.188441571052203225e-07
3.268769877876450869e-07
